# lams weight z
4.300000000000000000e+01 1.915152534279220272e+06 1.169999999999999929e+00
2.600000000000000000e+01 3.959406538686566520e+06 1.330000000000000071e+00
2.200000000000000000e+01 1.784263200548560126e+06 1.050000000000000044e+00
3.200000000000000000e+01 1.451597762907947414e+06 8.499999999999999778e-01
2.100000000000000000e+01 1.363495405600623973e+07 9.399999999999999467e-01
3.400000000000000000e+01 2.844640089768026955e+06 9.399999999999999467e-01
2.200000000000000000e+01 7.286729286196149886e+06 1.139999999999999902e+00
3.500000000000000000e+01 1.461633176708301762e+06 1.030000000000000027e+00
3.500000000000000000e+01 1.080220403673676401e+07 1.189999999999999947e+00
3.300000000000000000e+01 2.085491752157339593e+06 1.090000000000000080e+00
3.200000000000000000e+01 8.450472201987870038e+06 1.020000000000000018e+00
4.000000000000000000e+01 1.414807941342331935e+06 9.699999999999999734e-01
5.800000000000000000e+01 2.198668181106415577e+06 9.000000000000000222e-01
3.100000000000000000e+01 2.515567776748321485e+06 9.599999999999999645e-01
2.800000000000000000e+01 3.172008653970803600e+06 8.599999999999999867e-01
4.800000000000000000e+01 1.491334946849099360e+06 1.280000000000000027e+00
3.000000000000000000e+01 2.517114322292319033e+06 1.139999999999999902e+00
2.900000000000000000e+01 1.985929876087927260e+06 1.270000000000000018e+00
2.900000000000000000e+01 1.161263954015357234e+07 8.299999999999999600e-01
3.200000000000000000e+01 1.148053567389805056e+07 9.699999999999999734e-01
3.500000000000000000e+01 1.868563825698802248e+06 9.799999999999999822e-01
3.000000000000000000e+01 1.559054728889932157e+06 9.599999999999999645e-01
2.600000000000000000e+01 2.292532866576848552e+06 9.699999999999999734e-01
2.300000000000000000e+01 3.162284065254414920e+06 1.050000000000000044e+00
2.500000000000000000e+01 2.536236649551980663e+06 9.399999999999999467e-01
5.700000000000000000e+01 1.724351720509562874e+06 9.699999999999999734e-01
2.300000000000000000e+01 1.903448768980665365e+06 9.599999999999999645e-01
3.100000000000000000e+01 1.587469881223360775e+06 1.050000000000000044e+00
2.800000000000000000e+01 1.589526280422171578e+06 1.060000000000000053e+00
3.000000000000000000e+01 1.550723803678300465e+06 1.080000000000000071e+00
4.400000000000000000e+01 2.079045219927888131e+06 9.799999999999999822e-01
3.500000000000000000e+01 8.450922467685602605e+06 1.449999999999999956e+00
2.500000000000000000e+01 2.242805453544068616e+06 7.900000000000000355e-01
4.200000000000000000e+01 1.589266737703294726e+06 1.080000000000000071e+00
3.700000000000000000e+01 2.129198685070000589e+06 8.900000000000000133e-01
3.400000000000000000e+01 2.010710685074698878e+06 7.600000000000000089e-01
3.100000000000000000e+01 2.150442849332739599e+06 9.699999999999999734e-01
2.700000000000000000e+01 1.989208158123198198e+06 1.360000000000000098e+00
2.700000000000000000e+01 1.514008250075507909e+06 9.799999999999999822e-01
3.000000000000000000e+01 3.097119719096419867e+06 8.599999999999999867e-01
4.700000000000000000e+01 1.996470824900694424e+06 9.899999999999999911e-01
4.200000000000000000e+01 8.855774874292809516e+06 1.159999999999999920e+00
5.800000000000000000e+01 4.211293288364314474e+06 8.199999999999999512e-01
2.900000000000000000e+01 2.172736030236112885e+06 1.050000000000000044e+00
3.500000000000000000e+01 2.052770975973737193e+06 1.020000000000000018e+00
2.500000000000000000e+01 4.692833487509892322e+06 1.189999999999999947e+00
3.400000000000000000e+01 1.520645134812414180e+06 1.050000000000000044e+00
3.100000000000000000e+01 2.454779830224857666e+06 1.030000000000000027e+00
2.800000000000000000e+01 2.484183291663881857e+06 1.080000000000000071e+00
2.600000000000000000e+01 2.180405554968029726e+06 8.900000000000000133e-01
4.800000000000000000e+01 2.456069661859926302e+06 1.030000000000000027e+00
2.400000000000000000e+01 2.237199706356077455e+06 1.209999999999999964e+00
3.600000000000000000e+01 8.532343198759328574e+06 1.100000000000000089e+00
4.200000000000000000e+01 1.031198913896730356e+07 9.699999999999999734e-01
2.700000000000000000e+01 2.221186022338077892e+06 1.010000000000000009e+00
2.400000000000000000e+01 2.717178205220726319e+06 1.189999999999999947e+00
2.700000000000000000e+01 1.622297785138350213e+06 9.100000000000000311e-01
8.700000000000000000e+01 2.184270319835667964e+06 1.129999999999999893e+00
6.500000000000000000e+01 2.015334997869550483e+06 9.100000000000000311e-01
3.000000000000000000e+01 1.532915388317291625e+06 1.489999999999999991e+00
2.900000000000000000e+01 2.283174300932330079e+06 1.050000000000000044e+00
2.500000000000000000e+01 2.251697885292344261e+06 8.800000000000000044e-01
2.700000000000000000e+01 3.334878148133193608e+06 9.599999999999999645e-01
5.500000000000000000e+01 1.665996115131455706e+06 1.239999999999999991e+00
6.500000000000000000e+01 1.710065575977038126e+06 9.000000000000000222e-01
2.800000000000000000e+01 1.084205420404826477e+07 9.100000000000000311e-01
2.100000000000000000e+01 2.040987237366287271e+06 1.409999999999999920e+00
3.500000000000000000e+01 2.524145792813892476e+06 1.370000000000000107e+00
2.300000000000000000e+01 2.276960708857148886e+06 1.060000000000000053e+00
3.200000000000000000e+01 9.252870225113276392e+06 9.100000000000000311e-01
3.100000000000000000e+01 1.816377918611069676e+06 1.100000000000000089e+00
2.200000000000000000e+01 1.687764640582191991e+06 1.229999999999999982e+00
2.900000000000000000e+01 1.683093403457202017e+06 1.270000000000000018e+00
3.000000000000000000e+01 1.602365744907112792e+06 1.100000000000000089e+00
3.300000000000000000e+01 2.289410002284836955e+06 1.290000000000000036e+00
3.100000000000000000e+01 1.063797335971315764e+07 8.299999999999999600e-01
4.100000000000000000e+01 9.160292383394893259e+06 8.900000000000000133e-01
4.000000000000000000e+01 8.990100604475619271e+06 1.239999999999999991e+00
3.000000000000000000e+01 1.158685051735530049e+07 1.080000000000000071e+00
3.700000000000000000e+01 1.044737968423870578e+07 9.799999999999999822e-01
4.500000000000000000e+01 3.064092798207515385e+06 1.010000000000000009e+00
3.200000000000000000e+01 1.714889039903737837e+06 1.310000000000000053e+00
2.100000000000000000e+01 4.230534181849129498e+06 9.599999999999999645e-01
3.200000000000000000e+01 1.120514642464545928e+07 9.599999999999999645e-01
3.100000000000000000e+01 9.982026063304437324e+06 1.310000000000000053e+00
2.900000000000000000e+01 1.117974900984852761e+07 1.280000000000000027e+00
2.700000000000000000e+01 1.942329751433058875e+06 1.090000000000000080e+00
6.500000000000000000e+01 7.667960389397044666e+06 1.030000000000000027e+00
5.100000000000000000e+01 2.541123808901202865e+06 1.239999999999999991e+00
4.400000000000000000e+01 2.420186753869358916e+06 9.000000000000000222e-01
2.200000000000000000e+01 1.673067639931746293e+06 1.010000000000000009e+00
2.700000000000000000e+01 1.743955284740896663e+06 9.899999999999999911e-01
2.800000000000000000e+01 2.325928682111648843e+06 9.699999999999999734e-01
4.900000000000000000e+01 1.800208069631016115e+06 1.050000000000000044e+00
3.700000000000000000e+01 1.916471362397068413e+06 1.010000000000000009e+00
3.500000000000000000e+01 1.972242296197752468e+06 1.080000000000000071e+00
4.400000000000000000e+01 1.050801580249644071e+07 1.290000000000000036e+00
2.200000000000000000e+01 3.439942978289544582e+06 9.899999999999999911e-01
3.500000000000000000e+01 1.082447639344521239e+07 1.139999999999999902e+00
4.600000000000000000e+01 2.014487385272003245e+06 9.399999999999999467e-01
6.600000000000000000e+01 1.765391890043357387e+06 9.399999999999999467e-01
2.300000000000000000e+01 4.836528038873246871e+06 8.100000000000000533e-01
5.000000000000000000e+01 2.824406430999640375e+06 9.899999999999999911e-01
4.100000000000000000e+01 9.763607927673550323e+06 1.010000000000000009e+00
2.900000000000000000e+01 2.167507649239392020e+06 1.239999999999999991e+00
2.400000000000000000e+01 3.370198322625526693e+06 9.699999999999999734e-01
2.300000000000000000e+01 2.282354585548745468e+06 9.799999999999999822e-01
2.400000000000000000e+01 9.997103309598753229e+06 7.600000000000000089e-01
3.500000000000000000e+01 3.227189038806797471e+06 1.010000000000000009e+00
2.300000000000000000e+01 1.619692735575200757e+06 1.050000000000000044e+00
3.200000000000000000e+01 9.810350042512014508e+06 1.260000000000000009e+00
3.000000000000000000e+01 1.748191670085688354e+06 1.209999999999999964e+00
2.800000000000000000e+01 2.208600255523861386e+06 1.090000000000000080e+00
3.500000000000000000e+01 4.567439006864584051e+06 1.020000000000000018e+00
2.800000000000000000e+01 5.824684811758847907e+06 9.100000000000000311e-01
2.600000000000000000e+01 3.199383568744233344e+06 1.100000000000000089e+00
2.100000000000000000e+01 2.305557407046672888e+06 9.899999999999999911e-01
2.600000000000000000e+01 3.871151309320881031e+06 1.080000000000000071e+00
2.100000000000000000e+01 1.855610709935969906e+06 1.320000000000000062e+00
2.900000000000000000e+01 4.331936955104837194e+06 1.229999999999999982e+00
3.000000000000000000e+01 1.790761364006624324e+06 9.100000000000000311e-01
2.100000000000000000e+01 2.122368338987548836e+06 1.129999999999999893e+00
3.100000000000000000e+01 2.060626935706612887e+06 9.799999999999999822e-01
2.100000000000000000e+01 2.102822588409909513e+06 8.800000000000000044e-01
3.600000000000000000e+01 2.500248042823478114e+06 1.239999999999999991e+00
3.500000000000000000e+01 1.717379374250293477e+06 1.189999999999999947e+00
3.700000000000000000e+01 9.814771702419809997e+06 1.020000000000000018e+00
2.300000000000000000e+01 4.569251977623183280e+06 9.799999999999999822e-01
2.600000000000000000e+01 7.183329461402204819e+06 1.020000000000000018e+00
2.600000000000000000e+01 2.335394646389560308e+06 1.100000000000000089e+00
2.500000000000000000e+01 2.548231717423741240e+06 8.800000000000000044e-01
3.000000000000000000e+01 1.367778295528241433e+07 9.899999999999999911e-01
3.000000000000000000e+01 1.062483005659872666e+07 1.080000000000000071e+00
3.100000000000000000e+01 2.350892918627879117e+06 1.120000000000000107e+00
3.300000000000000000e+01 1.614198883155523567e+06 9.699999999999999734e-01
2.400000000000000000e+01 2.826762204717202578e+06 9.100000000000000311e-01
2.300000000000000000e+01 2.089150066604448482e+06 1.010000000000000009e+00
3.900000000000000000e+01 2.250740044811507221e+06 1.159999999999999920e+00
4.000000000000000000e+01 1.099430580124067329e+07 1.020000000000000018e+00
2.400000000000000000e+01 2.632626125711471774e+06 1.100000000000000089e+00
2.100000000000000000e+01 1.666690287260938436e+06 1.129999999999999893e+00
2.700000000000000000e+01 2.549884628707329743e+06 1.750000000000000000e+00
2.900000000000000000e+01 1.580775103693062440e+06 9.300000000000000488e-01
3.700000000000000000e+01 1.794939393977654632e+06 1.060000000000000053e+00
2.500000000000000000e+01 2.606805367458166555e+06 9.599999999999999645e-01
4.100000000000000000e+01 1.186280850654850341e+07 9.899999999999999911e-01
5.600000000000000000e+01 2.563433575096729212e+06 1.239999999999999991e+00
2.700000000000000000e+01 1.316049827893673256e+07 1.439999999999999947e+00
2.100000000000000000e+01 2.496071409168985672e+06 1.100000000000000089e+00
4.000000000000000000e+01 2.456461967709834687e+06 1.080000000000000071e+00
2.700000000000000000e+01 4.018328887185575441e+06 9.699999999999999734e-01
4.500000000000000000e+01 2.593877641853770241e+06 1.189999999999999947e+00
2.800000000000000000e+01 1.662281483958468307e+06 1.080000000000000071e+00
2.200000000000000000e+01 1.047499423259147070e+07 1.479999999999999982e+00
3.600000000000000000e+01 2.372070677351697348e+06 1.050000000000000044e+00
2.700000000000000000e+01 1.665867300624684896e+06 1.399999999999999911e+00
3.200000000000000000e+01 2.644950856329153292e+06 1.020000000000000018e+00
2.800000000000000000e+01 1.590901268166897353e+06 1.129999999999999893e+00
3.700000000000000000e+01 2.640214690959653817e+06 1.030000000000000027e+00
5.000000000000000000e+01 2.549354147922373842e+06 9.699999999999999734e-01
3.400000000000000000e+01 1.310478187464885414e+07 1.100000000000000089e+00
4.100000000000000000e+01 2.532316345630294643e+06 1.030000000000000027e+00
2.500000000000000000e+01 2.575074399007583968e+06 1.360000000000000098e+00
3.800000000000000000e+01 3.859057647158164997e+06 9.399999999999999467e-01
3.400000000000000000e+01 6.133437500977867283e+06 9.000000000000000222e-01
5.200000000000000000e+01 2.733228145241945516e+06 8.800000000000000044e-01
2.200000000000000000e+01 1.385857086915213801e+07 8.599999999999999867e-01
3.800000000000000000e+01 1.423582350921278447e+07 9.899999999999999911e-01
4.100000000000000000e+01 2.123604457186364103e+06 1.020000000000000018e+00
2.200000000000000000e+01 1.356489747944204137e+07 1.429999999999999938e+00
2.100000000000000000e+01 1.686961185740660178e+06 1.120000000000000107e+00
3.200000000000000000e+01 2.962309795103543904e+06 9.899999999999999911e-01
2.700000000000000000e+01 1.242704149154776335e+07 1.189999999999999947e+00
2.600000000000000000e+01 3.050356588136518374e+06 1.469999999999999973e+00
2.900000000000000000e+01 9.814970782719675452e+06 1.360000000000000098e+00
2.800000000000000000e+01 1.749994587172057945e+06 1.080000000000000071e+00
3.300000000000000000e+01 2.581845057942968328e+06 1.290000000000000036e+00
4.100000000000000000e+01 1.615114383929377887e+06 1.139999999999999902e+00
3.000000000000000000e+01 9.363401608403380960e+06 1.139999999999999902e+00
2.900000000000000000e+01 2.471653374099674635e+06 1.229999999999999982e+00
2.200000000000000000e+01 1.615060905383135425e+06 9.399999999999999467e-01
3.300000000000000000e+01 2.388415962850606535e+06 1.129999999999999893e+00
2.200000000000000000e+01 7.794209575294504873e+06 7.500000000000000000e-01
2.300000000000000000e+01 9.110439641999710351e+06 9.899999999999999911e-01
2.700000000000000000e+01 1.208880409053546935e+07 1.260000000000000009e+00
3.400000000000000000e+01 2.392563514031064231e+06 1.090000000000000080e+00
3.600000000000000000e+01 2.204027038836775348e+06 1.120000000000000107e+00
3.200000000000000000e+01 2.298639947051023133e+06 1.060000000000000053e+00
4.600000000000000000e+01 6.734783631964732893e+06 9.399999999999999467e-01
4.700000000000000000e+01 2.244115792444983032e+06 1.239999999999999991e+00
3.500000000000000000e+01 1.963442302333503496e+06 1.239999999999999991e+00
3.900000000000000000e+01 1.584178749877419556e+06 1.360000000000000098e+00
2.600000000000000000e+01 2.521763678498328663e+06 9.399999999999999467e-01
2.500000000000000000e+01 3.032968719966645818e+06 1.060000000000000053e+00
2.300000000000000000e+01 3.514480612585628405e+06 1.229999999999999982e+00
3.900000000000000000e+01 5.192965876824817620e+06 1.030000000000000027e+00
2.600000000000000000e+01 5.421525620215858333e+06 1.100000000000000089e+00
3.300000000000000000e+01 2.254136325464650989e+06 9.399999999999999467e-01
2.800000000000000000e+01 6.059602427348514087e+06 8.599999999999999867e-01
2.900000000000000000e+01 1.713390214484222466e+06 1.100000000000000089e+00
5.100000000000000000e+01 1.595735917972019175e+06 9.699999999999999734e-01
3.700000000000000000e+01 4.997651706901230849e+06 1.330000000000000071e+00
4.000000000000000000e+01 2.576422109046956059e+06 1.159999999999999920e+00
2.700000000000000000e+01 2.502888014037929010e+06 9.899999999999999911e-01
2.400000000000000000e+01 2.254350137032553088e+06 1.120000000000000107e+00
3.300000000000000000e+01 2.844204034604906570e+06 1.100000000000000089e+00
2.600000000000000000e+01 1.613425239447778556e+06 1.050000000000000044e+00
2.900000000000000000e+01 4.033937528213635087e+06 1.100000000000000089e+00
6.600000000000000000e+01 4.439662645663916133e+06 8.000000000000000444e-01
4.100000000000000000e+01 2.318477499689475633e+06 9.799999999999999822e-01
5.300000000000000000e+01 2.313446022588431370e+06 1.010000000000000009e+00
3.100000000000000000e+01 1.770974022500986699e+06 1.330000000000000071e+00
3.100000000000000000e+01 1.601462232015454676e+06 1.239999999999999991e+00
2.400000000000000000e+01 1.626373690244975733e+06 1.469999999999999973e+00
2.500000000000000000e+01 2.332257108313304372e+06 8.599999999999999867e-01
2.900000000000000000e+01 4.101224517432780005e+06 1.080000000000000071e+00
3.900000000000000000e+01 3.501185047948412597e+06 1.389999999999999902e+00
3.600000000000000000e+01 2.278578032134998124e+06 1.139999999999999902e+00
2.100000000000000000e+01 2.296267603205238003e+06 1.090000000000000080e+00
3.300000000000000000e+01 1.724700805124683538e+06 9.899999999999999911e-01
2.800000000000000000e+01 1.731446066303609638e+06 1.120000000000000107e+00
3.200000000000000000e+01 3.222113403858670034e+06 9.000000000000000222e-01
2.300000000000000000e+01 4.552303289286382496e+06 1.379999999999999893e+00
2.600000000000000000e+01 4.522166674226693809e+06 9.799999999999999822e-01
4.500000000000000000e+01 2.713008998107416555e+06 9.000000000000000222e-01
2.300000000000000000e+01 1.572470613827421563e+06 1.010000000000000009e+00
3.600000000000000000e+01 2.808073372749868780e+06 1.080000000000000071e+00
2.900000000000000000e+01 2.601821226082916837e+06 8.000000000000000444e-01
2.300000000000000000e+01 3.371362155951991677e+06 1.080000000000000071e+00
2.100000000000000000e+01 2.937478257719594985e+06 9.899999999999999911e-01
5.000000000000000000e+01 2.763129041321606841e+06 1.090000000000000080e+00
2.800000000000000000e+01 1.747734844959650887e+06 1.239999999999999991e+00
5.100000000000000000e+01 1.637284162669719895e+06 9.899999999999999911e-01
2.400000000000000000e+01 2.217889347132035997e+06 9.100000000000000311e-01
2.100000000000000000e+01 2.428988735382663552e+06 9.100000000000000311e-01
3.700000000000000000e+01 2.193248374369374476e+06 9.699999999999999734e-01
2.200000000000000000e+01 2.558722723933222238e+06 9.699999999999999734e-01
3.500000000000000000e+01 2.136425945846209303e+06 1.030000000000000027e+00
2.600000000000000000e+01 2.140699886258592829e+06 8.900000000000000133e-01
3.100000000000000000e+01 2.138770298956123181e+06 1.189999999999999947e+00
3.500000000000000000e+01 2.157257354193850420e+06 1.209999999999999964e+00
3.700000000000000000e+01 2.845418128225890454e+06 8.900000000000000133e-01
2.300000000000000000e+01 3.134145045907487161e+06 9.699999999999999734e-01
2.700000000000000000e+01 3.177222988842552062e+06 9.300000000000000488e-01
2.600000000000000000e+01 1.684649097714104690e+06 9.799999999999999822e-01
3.000000000000000000e+01 3.064403823752950877e+06 9.899999999999999911e-01
2.300000000000000000e+01 2.153009184472933412e+06 8.499999999999999778e-01
2.900000000000000000e+01 1.851848097223830409e+06 9.399999999999999467e-01
2.800000000000000000e+01 2.861777811028717551e+06 1.090000000000000080e+00
3.600000000000000000e+01 2.226297367129860446e+06 1.120000000000000107e+00
3.600000000000000000e+01 2.518463229461246636e+06 1.330000000000000071e+00
3.600000000000000000e+01 4.117845221767224371e+06 1.280000000000000027e+00
2.600000000000000000e+01 2.213663102425262332e+06 1.570000000000000062e+00
2.700000000000000000e+01 2.590658548592385836e+06 9.599999999999999645e-01
2.300000000000000000e+01 2.494252043322877027e+06 1.080000000000000071e+00
2.500000000000000000e+01 3.336174408173471689e+06 1.350000000000000089e+00
2.900000000000000000e+01 2.161997252821630333e+06 1.080000000000000071e+00
2.700000000000000000e+01 2.437734533181706443e+06 1.270000000000000018e+00
5.300000000000000000e+01 2.228613048909347039e+06 1.080000000000000071e+00
2.300000000000000000e+01 1.724154781736850971e+06 1.050000000000000044e+00
2.100000000000000000e+01 3.274688525745793246e+06 9.000000000000000222e-01
2.700000000000000000e+01 2.121550792343613226e+06 1.360000000000000098e+00
3.500000000000000000e+01 2.754241192725161090e+06 1.159999999999999920e+00
2.400000000000000000e+01 3.949256810335928109e+06 9.100000000000000311e-01
4.500000000000000000e+01 1.867597567907153862e+06 9.599999999999999645e-01
3.400000000000000000e+01 2.459558470594346523e+06 1.159999999999999920e+00
3.200000000000000000e+01 2.295423364793914370e+06 1.439999999999999947e+00
2.300000000000000000e+01 1.688384623997247312e+06 9.899999999999999911e-01
4.100000000000000000e+01 2.480515206005167682e+06 9.000000000000000222e-01
3.000000000000000000e+01 3.164205600735050626e+06 8.000000000000000444e-01
2.400000000000000000e+01 2.538090567740181927e+06 1.060000000000000053e+00
3.300000000000000000e+01 2.557893523285856005e+06 1.090000000000000080e+00
2.800000000000000000e+01 1.749220116770093795e+06 9.799999999999999822e-01
5.300000000000000000e+01 2.417265919023527764e+06 1.010000000000000009e+00
3.600000000000000000e+01 2.285080113797306549e+06 9.599999999999999645e-01
3.600000000000000000e+01 3.738856330877757166e+06 1.080000000000000071e+00
2.900000000000000000e+01 1.595154640918179881e+06 1.330000000000000071e+00
2.700000000000000000e+01 1.601102262807907071e+06 1.129999999999999893e+00
3.500000000000000000e+01 2.426060374532832298e+06 8.499999999999999778e-01
2.400000000000000000e+01 2.340541566238803789e+06 9.899999999999999911e-01
2.100000000000000000e+01 1.647135544769541593e+06 8.100000000000000533e-01
2.900000000000000000e+01 2.213285422816884238e+06 1.100000000000000089e+00
2.900000000000000000e+01 1.609451446975009283e+06 9.699999999999999734e-01
4.600000000000000000e+01 2.459278791871640831e+06 8.900000000000000133e-01
2.900000000000000000e+01 3.144176982018834446e+06 1.080000000000000071e+00
3.500000000000000000e+01 2.367329538476267830e+06 9.399999999999999467e-01
3.500000000000000000e+01 1.686476426861103857e+06 1.189999999999999947e+00
3.000000000000000000e+01 2.319443864634946920e+06 9.799999999999999822e-01
3.100000000000000000e+01 2.755290534317933023e+06 1.030000000000000027e+00
2.400000000000000000e+01 2.233554751506119967e+06 9.399999999999999467e-01
3.600000000000000000e+01 2.120578721152000129e+06 1.260000000000000009e+00
3.500000000000000000e+01 2.024182557338730898e+06 1.169999999999999929e+00
2.300000000000000000e+01 1.748254259716809960e+06 1.010000000000000009e+00
2.800000000000000000e+01 2.039660078385960776e+06 1.050000000000000044e+00
3.000000000000000000e+01 1.671899648644130910e+06 1.060000000000000053e+00
2.900000000000000000e+01 2.034902393833034905e+06 9.599999999999999645e-01
5.900000000000000000e+01 2.007377788580335910e+06 8.800000000000000044e-01
2.200000000000000000e+01 1.946440467548281886e+06 9.300000000000000488e-01
2.100000000000000000e+01 1.602537972016753862e+06 9.799999999999999822e-01
4.000000000000000000e+01 2.504257504990077578e+06 1.100000000000000089e+00
2.300000000000000000e+01 2.345703778100130148e+06 9.399999999999999467e-01
2.200000000000000000e+01 1.624848858588324860e+06 1.060000000000000053e+00
2.300000000000000000e+01 2.650643910032701679e+06 1.030000000000000027e+00
4.200000000000000000e+01 1.746222457971887430e+06 9.000000000000000222e-01
4.000000000000000000e+01 2.430233303353618365e+06 1.010000000000000009e+00
3.800000000000000000e+01 2.422927644200027455e+06 1.060000000000000053e+00
3.500000000000000000e+01 2.380640058816264849e+06 1.270000000000000018e+00
7.900000000000000000e+01 1.584117256838239729e+06 9.599999999999999645e-01
3.000000000000000000e+01 1.570506085951084038e+06 7.800000000000000266e-01
2.100000000000000000e+01 1.603820120621595997e+06 9.000000000000000222e-01
2.800000000000000000e+01 2.189635365516657475e+06 1.050000000000000044e+00
2.700000000000000000e+01 2.453197094245055690e+06 1.189999999999999947e+00
3.700000000000000000e+01 1.463682142826571595e+06 1.050000000000000044e+00
3.500000000000000000e+01 1.528983559159206226e+06 1.139999999999999902e+00
2.600000000000000000e+01 1.428055470322136534e+06 8.800000000000000044e-01
4.000000000000000000e+01 2.397117516734928358e+06 1.060000000000000053e+00
5.400000000000000000e+01 2.289874277341630775e+06 9.000000000000000222e-01
3.000000000000000000e+01 2.390941175485678017e+06 9.899999999999999911e-01
3.600000000000000000e+01 1.499067613406460267e+06 1.120000000000000107e+00
3.000000000000000000e+01 2.248852156068955082e+06 1.229999999999999982e+00
2.200000000000000000e+01 2.169272046150079928e+06 1.050000000000000044e+00
2.200000000000000000e+01 2.106590261857723352e+06 8.900000000000000133e-01
3.700000000000000000e+01 5.785146680188263766e+06 1.239999999999999991e+00
2.300000000000000000e+01 4.684138842044115067e+06 1.350000000000000089e+00
2.300000000000000000e+01 4.479374804347657599e+06 1.139999999999999902e+00
2.600000000000000000e+01 4.777642310833416879e+06 8.000000000000000444e-01
3.500000000000000000e+01 3.969726536725874059e+06 1.100000000000000089e+00
2.400000000000000000e+01 4.057529215270154644e+06 1.129999999999999893e+00
2.500000000000000000e+01 4.067060121675073635e+06 1.189999999999999947e+00
2.700000000000000000e+01 3.554530792479808908e+06 1.340000000000000080e+00
3.700000000000000000e+01 3.587026740539026912e+06 1.060000000000000053e+00
2.600000000000000000e+01 3.879475991052395664e+06 8.800000000000000044e-01
2.900000000000000000e+01 4.030988843884915113e+06 1.260000000000000009e+00
4.000000000000000000e+01 3.491323832449110691e+06 1.189999999999999947e+00
3.800000000000000000e+01 3.615453956055715214e+06 1.020000000000000018e+00
2.700000000000000000e+01 3.649476812533290125e+06 1.169999999999999929e+00
3.000000000000000000e+01 4.235759025469427928e+06 1.050000000000000044e+00
2.500000000000000000e+01 4.803965235124095343e+06 1.030000000000000027e+00
3.300000000000000000e+01 3.379075545356530230e+06 1.239999999999999991e+00
3.700000000000000000e+01 3.166565093628549017e+06 9.699999999999999734e-01
2.600000000000000000e+01 3.571913711715585552e+06 1.439999999999999947e+00
3.500000000000000000e+01 3.663097344723605085e+06 1.030000000000000027e+00
3.000000000000000000e+01 4.014173669298272580e+06 1.169999999999999929e+00
2.700000000000000000e+01 3.277575843559766654e+06 1.169999999999999929e+00
2.300000000000000000e+01 4.893768605926049873e+06 1.010000000000000009e+00
2.500000000000000000e+01 3.389051492842323147e+06 1.169999999999999929e+00
3.700000000000000000e+01 3.735822344283036888e+06 9.799999999999999822e-01
5.300000000000000000e+01 4.867185295788402669e+06 9.599999999999999645e-01
3.200000000000000000e+01 3.525547333215223160e+06 7.900000000000000355e-01
3.400000000000000000e+01 5.548689462395265698e+06 1.100000000000000089e+00
3.300000000000000000e+01 5.597687020063847303e+06 1.449999999999999956e+00
2.900000000000000000e+01 4.542671410542005673e+06 1.120000000000000107e+00
2.600000000000000000e+01 3.125491197128357366e+06 1.080000000000000071e+00
2.800000000000000000e+01 3.097837445248709526e+06 9.599999999999999645e-01
2.300000000000000000e+01 3.018947046717739198e+06 1.010000000000000009e+00
3.200000000000000000e+01 3.720386244525993243e+06 1.120000000000000107e+00
3.100000000000000000e+01 5.266556096964888275e+06 9.799999999999999822e-01
2.800000000000000000e+01 6.401972933901220560e+06 9.399999999999999467e-01
2.600000000000000000e+01 6.740071115216943435e+06 1.060000000000000053e+00
2.600000000000000000e+01 3.508973485239643604e+06 1.370000000000000107e+00
2.200000000000000000e+01 3.760862107363281306e+06 1.050000000000000044e+00
2.500000000000000000e+01 3.054821297247211915e+06 1.139999999999999902e+00
2.400000000000000000e+01 6.523285334064576775e+06 8.599999999999999867e-01
4.300000000000000000e+01 6.365459372036771849e+06 1.209999999999999964e+00
2.100000000000000000e+01 3.832858662819831166e+06 9.599999999999999645e-01
2.400000000000000000e+01 5.168569832929662429e+06 9.300000000000000488e-01
3.100000000000000000e+01 4.771390494335915893e+06 9.100000000000000311e-01
2.300000000000000000e+01 3.055524728594888002e+06 7.900000000000000355e-01
2.300000000000000000e+01 3.662202342101485468e+06 1.320000000000000062e+00
2.700000000000000000e+01 4.537253688165280968e+06 1.189999999999999947e+00
3.100000000000000000e+01 3.569839839975402225e+06 1.459999999999999964e+00
4.400000000000000000e+01 3.350506912873967551e+06 1.189999999999999947e+00
4.400000000000000000e+01 4.441213589684559032e+06 1.090000000000000080e+00
3.000000000000000000e+01 3.681795544529093895e+06 9.599999999999999645e-01
3.300000000000000000e+01 3.530462020782334730e+06 9.599999999999999645e-01
3.600000000000000000e+01 3.331725937737064902e+06 1.209999999999999964e+00
2.800000000000000000e+01 2.533224402859240305e+06 8.499999999999999778e-01
3.700000000000000000e+01 3.597566236428225413e+06 9.399999999999999467e-01
2.400000000000000000e+01 4.076174915926340967e+06 1.489999999999999991e+00
3.400000000000000000e+01 3.537248324193094391e+06 1.080000000000000071e+00
4.200000000000000000e+01 3.418154364039910492e+06 1.409999999999999920e+00
4.300000000000000000e+01 3.801961255283576902e+06 9.899999999999999911e-01
4.200000000000000000e+01 3.580745177552967798e+06 1.439999999999999947e+00
2.400000000000000000e+01 2.796829104305303190e+06 1.290000000000000036e+00
5.200000000000000000e+01 3.608090322768821847e+06 9.300000000000000488e-01
4.000000000000000000e+01 3.306671364236215129e+06 1.030000000000000027e+00
2.300000000000000000e+01 4.348593400833090767e+06 9.599999999999999645e-01
2.400000000000000000e+01 3.255227742793526966e+06 1.120000000000000107e+00
3.300000000000000000e+01 3.015522907855179161e+06 1.239999999999999991e+00
2.200000000000000000e+01 3.141956044000340160e+06 1.080000000000000071e+00
3.300000000000000000e+01 4.006941240665620659e+06 1.360000000000000098e+00
2.300000000000000000e+01 4.758877861608380452e+06 8.800000000000000044e-01
4.500000000000000000e+01 4.247806744443860836e+06 1.129999999999999893e+00
2.700000000000000000e+01 4.533621142292799428e+06 1.169999999999999929e+00
2.400000000000000000e+01 2.930983908093367238e+06 1.030000000000000027e+00
2.400000000000000000e+01 3.836448319571115542e+06 1.129999999999999893e+00
2.300000000000000000e+01 3.215292672977859154e+06 1.030000000000000027e+00
4.200000000000000000e+01 2.374292617434712593e+06 1.010000000000000009e+00
4.300000000000000000e+01 3.028545393406387884e+06 1.330000000000000071e+00
4.200000000000000000e+01 3.645650823681575246e+06 1.229999999999999982e+00
2.500000000000000000e+01 2.943788250160690397e+06 9.899999999999999911e-01
3.800000000000000000e+01 3.930402019022970926e+06 1.100000000000000089e+00
4.200000000000000000e+01 4.242967363843475468e+06 1.260000000000000009e+00
2.600000000000000000e+01 3.745722396485792473e+06 1.610000000000000098e+00
3.300000000000000000e+01 3.549416033172101248e+06 1.239999999999999991e+00
2.300000000000000000e+01 3.094425244342383929e+06 1.189999999999999947e+00
5.700000000000000000e+01 3.570789635464490857e+06 1.120000000000000107e+00
2.600000000000000000e+01 3.129214355591262225e+06 1.290000000000000036e+00
2.200000000000000000e+01 3.424632111342230812e+06 1.050000000000000044e+00
3.000000000000000000e+01 3.250029514556312002e+06 9.599999999999999645e-01
2.900000000000000000e+01 4.029881430463780183e+06 1.030000000000000027e+00
3.900000000000000000e+01 4.057210406474329997e+06 1.370000000000000107e+00
3.300000000000000000e+01 3.444103925698970445e+06 1.090000000000000080e+00
4.300000000000000000e+01 3.760291120574104600e+06 9.699999999999999734e-01
3.000000000000000000e+01 2.933483653445175383e+06 1.350000000000000089e+00
2.600000000000000000e+01 3.026670760449380614e+06 1.050000000000000044e+00
3.400000000000000000e+01 3.007728431448359042e+06 1.159999999999999920e+00
2.100000000000000000e+01 2.409281502760462929e+06 1.050000000000000044e+00
3.900000000000000000e+01 3.646519464841541834e+06 1.080000000000000071e+00
2.700000000000000000e+01 3.417914420110937208e+06 1.469999999999999973e+00
2.800000000000000000e+01 3.343100411439751741e+06 1.129999999999999893e+00
2.100000000000000000e+01 2.851528787382557523e+06 1.060000000000000053e+00
4.300000000000000000e+01 3.180735116338389460e+06 9.000000000000000222e-01
3.700000000000000000e+01 3.641787219884634484e+06 1.080000000000000071e+00
3.100000000000000000e+01 3.591578034964355174e+06 1.229999999999999982e+00
3.200000000000000000e+01 2.720983135117084254e+06 9.799999999999999822e-01
3.100000000000000000e+01 2.930636915508490521e+06 1.169999999999999929e+00
3.000000000000000000e+01 3.921138310176252853e+06 8.599999999999999867e-01
2.100000000000000000e+01 2.962776795947959181e+06 1.679999999999999938e+00
4.100000000000000000e+01 2.965212759940808173e+06 1.080000000000000071e+00
3.900000000000000000e+01 3.185794895625813399e+06 9.799999999999999822e-01
2.500000000000000000e+01 3.258505689921496436e+06 1.020000000000000018e+00
3.400000000000000000e+01 3.166875209770729765e+06 8.399999999999999689e-01
3.200000000000000000e+01 2.801616129864564165e+06 1.169999999999999929e+00
3.000000000000000000e+01 2.977004886455798522e+06 1.129999999999999893e+00
2.700000000000000000e+01 2.833666208278983831e+06 1.159999999999999920e+00
4.100000000000000000e+01 3.000409107514184434e+06 1.320000000000000062e+00
2.300000000000000000e+01 3.211966639461551793e+06 1.090000000000000080e+00
3.300000000000000000e+01 2.830826735318946652e+06 9.300000000000000488e-01
3.300000000000000000e+01 3.253883569002546370e+06 1.090000000000000080e+00
2.800000000000000000e+01 2.889258268426428083e+06 9.399999999999999467e-01
2.400000000000000000e+01 3.198270374633814208e+06 1.010000000000000009e+00
2.100000000000000000e+01 3.044530500011945143e+06 1.080000000000000071e+00
2.100000000000000000e+01 2.841603641458415426e+06 1.090000000000000080e+00
3.900000000000000000e+01 3.047648333290485665e+06 8.100000000000000533e-01
3.100000000000000000e+01 2.936176987704402767e+06 1.229999999999999982e+00
2.500000000000000000e+01 3.756350674704874866e+06 1.209999999999999964e+00
3.000000000000000000e+01 3.064458074435894378e+06 1.050000000000000044e+00
2.400000000000000000e+01 2.828093329042145982e+06 9.599999999999999645e-01
3.400000000000000000e+01 3.189008085384573787e+06 1.419999999999999929e+00
4.900000000000000000e+01 3.413560225012751762e+06 1.010000000000000009e+00
2.500000000000000000e+01 3.024084692709717900e+06 9.399999999999999467e-01
3.400000000000000000e+01 3.707140426534952596e+06 1.229999999999999982e+00
8.300000000000000000e+01 2.803348608617072459e+06 8.199999999999999512e-01
3.400000000000000000e+01 2.772525381339014042e+06 9.100000000000000311e-01
3.100000000000000000e+01 2.158628260802793317e+06 9.100000000000000311e-01
2.800000000000000000e+01 3.523046021312050521e+06 1.060000000000000053e+00
3.700000000000000000e+01 3.155360492834141012e+06 1.290000000000000036e+00
3.100000000000000000e+01 2.808535723266433459e+06 1.169999999999999929e+00
2.900000000000000000e+01 3.011678032974929549e+06 1.159999999999999920e+00
3.000000000000000000e+01 2.606384871163271368e+06 1.459999999999999964e+00
7.400000000000000000e+01 2.492296231880957261e+06 1.239999999999999991e+00
5.000000000000000000e+01 2.840442593447700609e+06 1.139999999999999902e+00
2.900000000000000000e+01 3.853846258903066628e+06 9.899999999999999911e-01
3.200000000000000000e+01 2.750987864467164036e+06 1.310000000000000053e+00
3.300000000000000000e+01 2.644473767838055734e+06 1.129999999999999893e+00
5.400000000000000000e+01 4.016165370946337469e+06 1.120000000000000107e+00
3.700000000000000000e+01 3.330306842439421918e+06 1.550000000000000044e+00
4.400000000000000000e+01 3.369791639131211676e+06 1.479999999999999982e+00
3.100000000000000000e+01 3.254942729460807052e+06 1.320000000000000062e+00
3.200000000000000000e+01 2.648828905364324339e+06 1.310000000000000053e+00
4.800000000000000000e+01 3.405950727103154641e+06 1.030000000000000027e+00
2.400000000000000000e+01 2.951474886345114559e+06 9.300000000000000488e-01
3.800000000000000000e+01 3.040282510964217130e+06 1.080000000000000071e+00
3.400000000000000000e+01 2.815836783580857795e+06 9.399999999999999467e-01
3.100000000000000000e+01 3.641667217872880865e+06 1.469999999999999973e+00
4.100000000000000000e+01 2.779651420688090380e+06 1.020000000000000018e+00
3.500000000000000000e+01 2.496598414535518270e+06 9.799999999999999822e-01
4.400000000000000000e+01 3.503163200713333674e+06 1.050000000000000044e+00
2.600000000000000000e+01 2.643225884247701149e+06 9.300000000000000488e-01
2.300000000000000000e+01 2.782019120495617855e+06 1.139999999999999902e+00
4.400000000000000000e+01 2.685628855412318371e+06 1.310000000000000053e+00
3.300000000000000000e+01 2.741974553996577859e+06 8.800000000000000044e-01
4.800000000000000000e+01 3.554252300467664842e+06 1.260000000000000009e+00
4.100000000000000000e+01 2.530954473226082977e+06 8.800000000000000044e-01
2.700000000000000000e+01 2.967863479558624793e+06 1.030000000000000027e+00
2.200000000000000000e+01 2.686641538287642412e+06 1.320000000000000062e+00
3.500000000000000000e+01 2.794668658417878672e+06 1.169999999999999929e+00
5.100000000000000000e+01 3.305187632846119814e+06 9.799999999999999822e-01
3.400000000000000000e+01 2.884073635811585002e+06 1.090000000000000080e+00
2.800000000000000000e+01 2.752821778700431343e+06 1.139999999999999902e+00
2.300000000000000000e+01 2.507953911249629688e+06 1.209999999999999964e+00
3.000000000000000000e+01 2.602262804492847994e+06 1.260000000000000009e+00
2.300000000000000000e+01 2.554538869459784124e+06 1.120000000000000107e+00
2.400000000000000000e+01 2.634197969943188131e+06 1.169999999999999929e+00
2.400000000000000000e+01 2.912188864063254558e+06 1.129999999999999893e+00
2.500000000000000000e+01 2.664097016906582285e+06 1.370000000000000107e+00
2.300000000000000000e+01 2.596724742609632667e+06 1.100000000000000089e+00
3.400000000000000000e+01 2.753727576702856924e+06 1.159999999999999920e+00
2.800000000000000000e+01 2.644904353315488901e+06 8.399999999999999689e-01
2.700000000000000000e+01 2.556216967297397554e+06 1.310000000000000053e+00
3.200000000000000000e+01 2.502271982304341625e+06 8.399999999999999689e-01
3.600000000000000000e+01 2.674420978151881602e+06 8.800000000000000044e-01
4.000000000000000000e+01 2.582109865285445005e+06 1.209999999999999964e+00
3.700000000000000000e+01 2.689106206064069178e+06 1.129999999999999893e+00
4.000000000000000000e+01 2.646424297196380794e+06 9.100000000000000311e-01
2.800000000000000000e+01 2.787086410860446282e+06 1.080000000000000071e+00
3.000000000000000000e+01 3.377100779373891652e+06 1.500000000000000000e+00
7.300000000000000000e+01 3.303234218239406124e+06 1.090000000000000080e+00
5.600000000000000000e+01 2.604629965342645533e+06 9.599999999999999645e-01
4.600000000000000000e+01 2.651498224081041291e+06 1.280000000000000027e+00
5.200000000000000000e+01 3.399909758594494313e+06 1.020000000000000018e+00
4.200000000000000000e+01 2.814023893473717384e+06 1.030000000000000027e+00
4.000000000000000000e+01 3.520440333738206420e+06 9.799999999999999822e-01
3.900000000000000000e+01 3.041488373467357364e+06 1.020000000000000018e+00
3.800000000000000000e+01 2.994719932972563431e+06 1.169999999999999929e+00
2.600000000000000000e+01 3.159787906196495052e+06 1.050000000000000044e+00
3.300000000000000000e+01 4.047567707063138951e+06 1.120000000000000107e+00
2.500000000000000000e+01 2.925785255653265864e+06 1.080000000000000071e+00
2.500000000000000000e+01 2.053328419292437611e+06 9.100000000000000311e-01
4.100000000000000000e+01 2.020696968725316925e+06 9.599999999999999645e-01
2.600000000000000000e+01 3.419860249860448297e+06 9.899999999999999911e-01
3.100000000000000000e+01 3.141081081136479974e+06 9.899999999999999911e-01
2.400000000000000000e+01 3.938281489152350929e+06 1.139999999999999902e+00
2.500000000000000000e+01 2.046567125934161246e+06 1.100000000000000089e+00
3.400000000000000000e+01 3.597262834800896235e+06 1.010000000000000009e+00
3.300000000000000000e+01 2.733637592232562602e+06 9.399999999999999467e-01
3.700000000000000000e+01 2.835061048850317486e+06 1.169999999999999929e+00
2.300000000000000000e+01 3.695466693077654578e+06 8.900000000000000133e-01
3.200000000000000000e+01 1.680363271170828957e+06 1.189999999999999947e+00
3.400000000000000000e+01 3.481632680718509480e+06 1.030000000000000027e+00
2.300000000000000000e+01 2.546050718073713128e+06 8.800000000000000044e-01
3.800000000000000000e+01 2.122971011416002177e+06 1.129999999999999893e+00
2.700000000000000000e+01 1.818710793489072472e+06 1.060000000000000053e+00
2.100000000000000000e+01 1.967702771592367440e+06 9.899999999999999911e-01
2.200000000000000000e+01 2.731028274643571582e+06 9.599999999999999645e-01
4.200000000000000000e+01 1.407123078763706377e+06 1.100000000000000089e+00
3.700000000000000000e+01 1.352731734530811431e+06 1.399999999999999911e+00
2.100000000000000000e+01 1.400519824468143051e+06 1.120000000000000107e+00
2.400000000000000000e+01 1.044103135345634189e+06 9.399999999999999467e-01
3.600000000000000000e+01 1.438008925536847441e+06 9.899999999999999911e-01
3.900000000000000000e+01 1.425804620912121609e+06 1.020000000000000018e+00
3.600000000000000000e+01 1.239822608795972075e+06 9.899999999999999911e-01
3.000000000000000000e+01 1.266694134716346161e+06 9.699999999999999734e-01
2.400000000000000000e+01 2.081899535468027694e+06 1.090000000000000080e+00
2.900000000000000000e+01 1.150154822040225379e+06 1.340000000000000080e+00
2.800000000000000000e+01 1.510873838259938173e+06 9.599999999999999645e-01
2.800000000000000000e+01 2.342201949436548166e+06 1.129999999999999893e+00
2.500000000000000000e+01 1.525412868350633420e+06 1.310000000000000053e+00
2.100000000000000000e+01 2.142573237102802843e+06 9.000000000000000222e-01
2.100000000000000000e+01 1.904850167214724235e+06 1.189999999999999947e+00
2.200000000000000000e+01 1.474347082109249895e+06 1.330000000000000071e+00
2.800000000000000000e+01 1.465368414768297691e+06 1.129999999999999893e+00
2.400000000000000000e+01 1.514969411899064202e+06 1.679999999999999938e+00
2.300000000000000000e+01 1.605887642405321589e+06 1.020000000000000018e+00
3.200000000000000000e+01 1.129380439259743085e+06 1.139999999999999902e+00
3.500000000000000000e+01 2.254722088733876590e+06 1.090000000000000080e+00
2.500000000000000000e+01 1.270985337438206421e+06 9.399999999999999467e-01
3.800000000000000000e+01 1.928211539426468313e+06 1.260000000000000009e+00
3.400000000000000000e+01 2.283275659718848765e+06 8.399999999999999689e-01
2.300000000000000000e+01 1.919202826657968806e+06 8.599999999999999867e-01
2.700000000000000000e+01 2.026039223728457931e+06 9.100000000000000311e-01
2.700000000000000000e+01 1.593919271346670343e+06 9.100000000000000311e-01
5.000000000000000000e+01 1.405716256546473131e+06 1.159999999999999920e+00
4.200000000000000000e+01 1.647290391006839462e+06 1.189999999999999947e+00
3.800000000000000000e+01 2.228355281092085876e+06 1.010000000000000009e+00
4.200000000000000000e+01 1.396367217119144974e+06 1.050000000000000044e+00
3.800000000000000000e+01 1.357574737820254406e+06 1.139999999999999902e+00
3.500000000000000000e+01 2.319989966709848959e+06 9.100000000000000311e-01
2.700000000000000000e+01 1.609958575957758352e+06 1.090000000000000080e+00
2.700000000000000000e+01 1.604449206066515762e+06 1.020000000000000018e+00
2.600000000000000000e+01 1.313903019944638014e+06 9.799999999999999822e-01
2.300000000000000000e+01 2.546202232223162893e+06 1.159999999999999920e+00
2.800000000000000000e+01 2.188931462668381166e+06 1.229999999999999982e+00
5.200000000000000000e+01 1.714848254525133409e+06 1.310000000000000053e+00
3.200000000000000000e+01 1.668526205430474365e+06 8.399999999999999689e-01
3.800000000000000000e+01 1.446338692403984256e+06 1.010000000000000009e+00
4.300000000000000000e+01 1.754954656537093921e+06 1.679999999999999938e+00
2.300000000000000000e+01 2.375910117086912040e+06 9.100000000000000311e-01
2.900000000000000000e+01 1.478470207651808392e+06 9.799999999999999822e-01
2.400000000000000000e+01 3.474069252218443900e+06 1.060000000000000053e+00
3.300000000000000000e+01 1.346003582046129508e+06 1.280000000000000027e+00
2.500000000000000000e+01 1.361328330575969070e+06 1.239999999999999991e+00
4.700000000000000000e+01 1.552620162331670057e+06 1.439999999999999947e+00
5.000000000000000000e+01 1.628833383229421917e+06 1.050000000000000044e+00
2.800000000000000000e+01 1.499306932581816101e+06 1.360000000000000098e+00
3.000000000000000000e+01 1.449854235233294545e+06 1.139999999999999902e+00
2.100000000000000000e+01 1.794546193796804408e+06 1.139999999999999902e+00
3.500000000000000000e+01 1.740869403159646085e+06 1.010000000000000009e+00
4.100000000000000000e+01 1.387476125719994539e+06 1.010000000000000009e+00
5.600000000000000000e+01 2.031057152353187557e+06 8.100000000000000533e-01
3.000000000000000000e+01 1.386516904906553915e+06 9.899999999999999911e-01
3.000000000000000000e+01 2.041837310209008399e+06 1.360000000000000098e+00
2.600000000000000000e+01 2.923144262370382436e+06 9.300000000000000488e-01
3.500000000000000000e+01 1.615454268071702681e+06 1.050000000000000044e+00
5.800000000000000000e+01 2.249695300752425566e+06 8.399999999999999689e-01
2.500000000000000000e+01 1.501823672423076583e+06 1.290000000000000036e+00
2.100000000000000000e+01 1.479958172754938249e+06 1.060000000000000053e+00
2.200000000000000000e+01 1.920490684988478431e+06 8.900000000000000133e-01
2.300000000000000000e+01 1.418745421072309837e+06 1.050000000000000044e+00
3.200000000000000000e+01 1.789291394183997065e+06 1.080000000000000071e+00
2.100000000000000000e+01 2.979995800479777157e+06 1.020000000000000018e+00
2.500000000000000000e+01 1.424057922248093411e+06 1.399999999999999911e+00
3.800000000000000000e+01 1.686198825053520268e+06 8.800000000000000044e-01
3.100000000000000000e+01 2.524960092592560686e+06 1.020000000000000018e+00
2.600000000000000000e+01 2.658231290431880858e+06 9.699999999999999734e-01
3.200000000000000000e+01 1.475501604079050245e+06 1.159999999999999920e+00
3.300000000000000000e+01 1.798060453516989248e+06 1.419999999999999929e+00
2.300000000000000000e+01 1.579894015446660109e+06 1.060000000000000053e+00
2.200000000000000000e+01 1.490470231473083375e+06 9.399999999999999467e-01
2.500000000000000000e+01 1.825133913624613546e+06 1.080000000000000071e+00
2.700000000000000000e+01 1.589580194100762019e+06 1.189999999999999947e+00
3.100000000000000000e+01 1.798587178232504055e+06 8.800000000000000044e-01
3.000000000000000000e+01 1.583333511539804749e+06 1.100000000000000089e+00
3.700000000000000000e+01 2.459810529055405874e+06 9.699999999999999734e-01
2.800000000000000000e+01 2.400653380215398502e+06 9.799999999999999822e-01
2.400000000000000000e+01 2.443255421414409298e+06 1.280000000000000027e+00
2.400000000000000000e+01 1.596024470995152602e+06 9.399999999999999467e-01
2.900000000000000000e+01 1.917005589219942922e+06 1.050000000000000044e+00
3.700000000000000000e+01 2.040263980668378761e+06 9.399999999999999467e-01
4.000000000000000000e+01 3.799734559748250525e+06 1.310000000000000053e+00
2.900000000000000000e+01 1.558471417275212239e+06 1.330000000000000071e+00
4.700000000000000000e+01 1.765605570710060420e+06 1.020000000000000018e+00
2.700000000000000000e+01 1.564906155153073138e+06 1.020000000000000018e+00
4.300000000000000000e+01 5.656653306798154488e+06 1.080000000000000071e+00
4.900000000000000000e+01 2.270245473858937621e+06 8.599999999999999867e-01
2.200000000000000000e+01 2.328512225823891815e+06 1.030000000000000027e+00
2.400000000000000000e+01 1.847076121357469819e+06 9.699999999999999734e-01
3.400000000000000000e+01 2.229404220036539715e+06 1.020000000000000018e+00
3.000000000000000000e+01 1.877642846832503099e+06 1.010000000000000009e+00
4.700000000000000000e+01 1.810498514175895834e+06 9.300000000000000488e-01
5.200000000000000000e+01 3.090989341736612841e+06 1.159999999999999920e+00
5.200000000000000000e+01 1.463764585568958195e+06 1.060000000000000053e+00
3.200000000000000000e+01 2.306689814580803737e+06 1.050000000000000044e+00
2.100000000000000000e+01 1.449618349670962663e+06 8.199999999999999512e-01
2.100000000000000000e+01 7.462777124196385965e+06 9.399999999999999467e-01
2.300000000000000000e+01 1.837162890063893516e+06 1.229999999999999982e+00
2.300000000000000000e+01 2.207013485609877855e+06 1.209999999999999964e+00
2.300000000000000000e+01 1.973624392266805982e+06 1.060000000000000053e+00
3.000000000000000000e+01 8.538303698136478662e+06 1.260000000000000009e+00
2.900000000000000000e+01 1.750566078909162432e+06 1.129999999999999893e+00
2.500000000000000000e+01 1.876072662208322203e+06 1.090000000000000080e+00
2.100000000000000000e+01 1.694950307617686922e+06 8.399999999999999689e-01
3.200000000000000000e+01 7.909751879638143815e+06 8.299999999999999600e-01
2.100000000000000000e+01 5.231486469648210332e+06 1.409999999999999920e+00
4.900000000000000000e+01 1.581523177124849055e+06 9.799999999999999822e-01
2.300000000000000000e+01 2.186864324211312458e+06 8.399999999999999689e-01
3.600000000000000000e+01 1.647951922137855552e+06 1.270000000000000018e+00
2.900000000000000000e+01 6.913675987365301698e+06 1.270000000000000018e+00
3.600000000000000000e+01 1.422106547641357873e+06 1.379999999999999893e+00
2.500000000000000000e+01 8.669241112051945180e+06 1.459999999999999964e+00
2.200000000000000000e+01 1.590681320875321748e+06 1.030000000000000027e+00
4.600000000000000000e+01 1.603191662212129310e+07 1.120000000000000107e+00
2.200000000000000000e+01 1.683250723698706133e+06 1.209999999999999964e+00
3.900000000000000000e+01 2.690305230823595542e+06 9.699999999999999734e-01
3.900000000000000000e+01 2.560352895938717294e+06 1.120000000000000107e+00
2.600000000000000000e+01 1.934813918614618946e+06 1.050000000000000044e+00
3.700000000000000000e+01 5.354201688015204854e+06 1.310000000000000053e+00
2.900000000000000000e+01 2.086360435685048578e+06 9.599999999999999645e-01
3.700000000000000000e+01 3.796080005165236071e+06 1.080000000000000071e+00
2.500000000000000000e+01 1.610467250197971053e+07 1.050000000000000044e+00
3.400000000000000000e+01 1.886978417671178468e+06 1.010000000000000009e+00
5.100000000000000000e+01 1.982489824216211447e+06 9.100000000000000311e-01
3.300000000000000000e+01 1.659417084306544391e+06 1.050000000000000044e+00
2.300000000000000000e+01 1.478735125163913472e+06 1.120000000000000107e+00
2.600000000000000000e+01 2.498587697516777553e+06 7.800000000000000266e-01
2.500000000000000000e+01 3.462454382997492328e+06 1.469999999999999973e+00
3.000000000000000000e+01 1.831101208845762303e+06 1.169999999999999929e+00
2.700000000000000000e+01 3.132815192263833713e+06 8.599999999999999867e-01
2.500000000000000000e+01 2.271651336970990058e+06 1.320000000000000062e+00
2.600000000000000000e+01 9.136975829085480422e+06 9.100000000000000311e-01
3.500000000000000000e+01 2.958386145322324708e+06 1.050000000000000044e+00
2.700000000000000000e+01 1.253905902521992102e+07 1.260000000000000009e+00
2.700000000000000000e+01 2.168004662441170309e+06 8.000000000000000444e-01
4.400000000000000000e+01 9.763575061942223459e+06 9.699999999999999734e-01
2.500000000000000000e+01 1.813851976932272315e+06 1.500000000000000000e+00
3.600000000000000000e+01 4.209117018347063102e+06 1.399999999999999911e+00
4.400000000000000000e+01 8.334451915502047166e+06 1.030000000000000027e+00
