# lams weight z
4.300000000000000000e+01 1.798647010686236899e+06 1.169999999999999929e+00
2.600000000000000000e+01 3.586964822605291847e+06 1.330000000000000071e+00
2.200000000000000000e+01 1.682782591245849151e+06 1.050000000000000044e+00
3.200000000000000000e+01 1.381792513795012143e+06 8.499999999999999778e-01
2.100000000000000000e+01 1.183970255890077353e+07 9.399999999999999467e-01
3.400000000000000000e+01 2.619773557178958319e+06 9.399999999999999467e-01
2.200000000000000000e+01 6.421260266069803387e+06 1.139999999999999902e+00
3.500000000000000000e+01 1.391483718225198099e+06 1.030000000000000027e+00
3.500000000000000000e+01 9.401928386049760506e+06 1.189999999999999947e+00
3.300000000000000000e+01 1.954464527505964274e+06 1.090000000000000080e+00
3.200000000000000000e+01 7.403652063525418751e+06 1.020000000000000018e+00
4.000000000000000000e+01 1.350092146854009014e+06 9.699999999999999734e-01
5.800000000000000000e+01 2.053631461690610973e+06 9.000000000000000222e-01
3.100000000000000000e+01 2.332220036797464825e+06 9.599999999999999645e-01
2.800000000000000000e+01 2.908106496870785952e+06 8.599999999999999867e-01
4.800000000000000000e+01 1.417912308373945300e+06 1.280000000000000027e+00
3.000000000000000000e+01 2.336779564265961293e+06 1.139999999999999902e+00
2.900000000000000000e+01 1.861676710095648421e+06 1.270000000000000018e+00
2.900000000000000000e+01 1.012267276981660165e+07 8.299999999999999600e-01
3.200000000000000000e+01 9.991822139184053987e+06 9.699999999999999734e-01
3.500000000000000000e+01 1.757972424699609634e+06 9.799999999999999822e-01
3.000000000000000000e+01 1.479493398683718406e+06 9.599999999999999645e-01
2.600000000000000000e+01 2.136695552706202958e+06 9.699999999999999734e-01
2.300000000000000000e+01 2.899919444486936089e+06 1.050000000000000044e+00
2.500000000000000000e+01 2.352015286932178773e+06 9.399999999999999467e-01
5.700000000000000000e+01 1.627484844746115385e+06 9.699999999999999734e-01
2.300000000000000000e+01 1.789266255593988579e+06 9.599999999999999645e-01
3.100000000000000000e+01 1.506223387911292026e+06 1.050000000000000044e+00
2.800000000000000000e+01 1.507902307139327750e+06 1.060000000000000053e+00
3.000000000000000000e+01 1.472096141234396026e+06 1.080000000000000071e+00
4.400000000000000000e+01 1.945352598319146084e+06 9.799999999999999822e-01
3.500000000000000000e+01 7.392550878270623274e+06 1.449999999999999956e+00
2.500000000000000000e+01 2.091360814302891726e+06 7.900000000000000355e-01
4.200000000000000000e+01 1.507261378951783525e+06 1.080000000000000071e+00
3.700000000000000000e+01 1.991711211219772231e+06 8.900000000000000133e-01
3.400000000000000000e+01 1.884093120770708425e+06 7.600000000000000089e-01
3.100000000000000000e+01 2.013085109902975848e+06 9.699999999999999734e-01
2.700000000000000000e+01 1.865512223707626341e+06 1.360000000000000098e+00
2.700000000000000000e+01 1.439425452304432634e+06 9.799999999999999822e-01
3.000000000000000000e+01 2.844512428160024807e+06 8.599999999999999867e-01
4.700000000000000000e+01 1.872589062815222424e+06 9.899999999999999911e-01
4.200000000000000000e+01 7.755013404806588776e+06 1.159999999999999920e+00
5.800000000000000000e+01 3.805462971689512953e+06 8.199999999999999512e-01
2.900000000000000000e+01 2.030609159376747906e+06 1.050000000000000044e+00
3.500000000000000000e+01 1.922091727144130506e+06 1.020000000000000018e+00
2.500000000000000000e+01 4.220558136177030392e+06 1.189999999999999947e+00
3.400000000000000000e+01 1.445619093729909277e+06 1.050000000000000044e+00
3.100000000000000000e+01 2.279647744358271360e+06 1.030000000000000027e+00
2.800000000000000000e+01 2.307104223500322551e+06 1.080000000000000071e+00
2.600000000000000000e+01 2.036317920955743408e+06 8.900000000000000133e-01
4.800000000000000000e+01 2.281758024856036063e+06 1.030000000000000027e+00
2.400000000000000000e+01 2.085983439717889996e+06 1.209999999999999964e+00
3.600000000000000000e+01 7.476214639128806069e+06 1.100000000000000089e+00
4.200000000000000000e+01 9.000574878869773820e+06 9.699999999999999734e-01
2.700000000000000000e+01 2.069641097100789892e+06 1.010000000000000009e+00
2.400000000000000000e+01 2.508039869877515826e+06 1.189999999999999947e+00
2.700000000000000000e+01 1.538236691902282881e+06 9.100000000000000311e-01
8.700000000000000000e+01 2.040454219477948733e+06 1.129999999999999893e+00
6.500000000000000000e+01 1.887670883335627615e+06 9.100000000000000311e-01
3.000000000000000000e+01 1.456755876272792928e+06 1.489999999999999991e+00
2.900000000000000000e+01 2.127755189884461928e+06 1.050000000000000044e+00
2.500000000000000000e+01 2.101063941184175666e+06 8.800000000000000044e-01
2.700000000000000000e+01 3.055304642708355095e+06 9.599999999999999645e-01
5.500000000000000000e+01 1.577339372776856413e+06 1.239999999999999991e+00
6.500000000000000000e+01 1.615965831271895673e+06 9.000000000000000222e-01
2.800000000000000000e+01 9.453959974925989285e+06 9.100000000000000311e-01
2.100000000000000000e+01 1.915689858045470901e+06 1.409999999999999920e+00
3.500000000000000000e+01 2.343382111565928906e+06 1.370000000000000107e+00
2.300000000000000000e+01 2.121877032082613092e+06 1.060000000000000053e+00
3.200000000000000000e+01 8.104390934503384866e+06 9.100000000000000311e-01
3.100000000000000000e+01 1.711894023667378817e+06 1.100000000000000089e+00
2.200000000000000000e+01 1.596589195783787873e+06 1.229999999999999982e+00
2.900000000000000000e+01 1.592409430568468757e+06 1.270000000000000018e+00
3.000000000000000000e+01 1.520011021698128199e+06 1.100000000000000089e+00
3.300000000000000000e+01 2.134544847655783407e+06 1.290000000000000036e+00
3.100000000000000000e+01 9.287509991132659838e+06 8.299999999999999600e-01
4.100000000000000000e+01 8.021683753130798228e+06 8.900000000000000133e-01
4.000000000000000000e+01 7.863086971283541992e+06 1.239999999999999991e+00
3.000000000000000000e+01 1.007433264045702480e+07 1.080000000000000071e+00
3.700000000000000000e+01 9.130192382230037823e+06 9.799999999999999822e-01
4.500000000000000000e+01 2.810536867760714144e+06 1.010000000000000009e+00
3.200000000000000000e+01 1.621584249727592804e+06 1.310000000000000053e+00
2.100000000000000000e+01 3.831873454376162495e+06 9.599999999999999645e-01
3.200000000000000000e+01 9.774893321755174547e+06 9.599999999999999645e-01
3.100000000000000000e+01 8.736261759704105556e+06 1.310000000000000053e+00
2.900000000000000000e+01 9.757153557189734653e+06 1.280000000000000027e+00
2.700000000000000000e+01 1.826080073780281236e+06 1.090000000000000080e+00
6.500000000000000000e+01 6.753880838753662072e+06 1.030000000000000027e+00
5.100000000000000000e+01 2.362315786799094174e+06 1.239999999999999991e+00
4.400000000000000000e+01 2.246779034142790362e+06 9.000000000000000222e-01
2.200000000000000000e+01 1.583918751181202708e+06 1.010000000000000009e+00
2.700000000000000000e+01 1.646846843839192064e+06 9.899999999999999911e-01
2.800000000000000000e+01 2.164053847478938755e+06 9.699999999999999734e-01
4.900000000000000000e+01 1.697537377724881750e+06 1.050000000000000044e+00
3.700000000000000000e+01 1.802901934049165808e+06 1.010000000000000009e+00
3.500000000000000000e+01 1.854666321480616694e+06 1.080000000000000071e+00
4.400000000000000000e+01 9.167090978646285832e+06 1.290000000000000036e+00
2.200000000000000000e+01 3.146310431420928333e+06 9.899999999999999911e-01
3.500000000000000000e+01 9.419358048490740359e+06 1.139999999999999902e+00
4.600000000000000000e+01 1.892567522980563808e+06 9.399999999999999467e-01
6.600000000000000000e+01 1.666479529486902989e+06 9.399999999999999467e-01
2.300000000000000000e+01 4.345553761007672176e+06 8.100000000000000533e-01
5.000000000000000000e+01 2.612817359084341209e+06 9.899999999999999911e-01
4.100000000000000000e+01 8.532254835702408105e+06 1.010000000000000009e+00
2.900000000000000000e+01 2.024179848459996982e+06 1.239999999999999991e+00
2.400000000000000000e+01 3.087123988062140066e+06 9.699999999999999734e-01
2.300000000000000000e+01 2.128843438978726510e+06 9.799999999999999822e-01
2.400000000000000000e+01 8.752910083784295246e+06 7.600000000000000089e-01
3.500000000000000000e+01 2.955742147065362427e+06 1.010000000000000009e+00
2.300000000000000000e+01 1.534841262509760447e+06 1.050000000000000044e+00
3.200000000000000000e+01 8.558467588888630271e+06 1.260000000000000009e+00
3.000000000000000000e+01 1.651695100200404180e+06 1.209999999999999964e+00
2.800000000000000000e+01 2.065639571557716466e+06 1.090000000000000080e+00
3.500000000000000000e+01 4.124757716617269441e+06 1.020000000000000018e+00
2.800000000000000000e+01 5.198158624880113639e+06 9.100000000000000311e-01
2.600000000000000000e+01 2.938558210779085755e+06 1.100000000000000089e+00
2.100000000000000000e+01 2.147824470710979775e+06 9.899999999999999911e-01
2.600000000000000000e+01 3.521839127637696452e+06 1.080000000000000071e+00
2.100000000000000000e+01 1.750604309426912107e+06 1.320000000000000062e+00
2.900000000000000000e+01 3.916880963185860310e+06 1.229999999999999982e+00
3.000000000000000000e+01 1.689660994684220525e+06 9.100000000000000311e-01
2.100000000000000000e+01 1.990256655722145224e+06 1.129999999999999893e+00
3.100000000000000000e+01 1.935202216785792029e+06 9.799999999999999822e-01
2.100000000000000000e+01 1.968319694769828115e+06 8.800000000000000044e-01
3.600000000000000000e+01 2.315939512342244387e+06 1.239999999999999991e+00
3.500000000000000000e+01 1.623707257376855472e+06 1.189999999999999947e+00
3.700000000000000000e+01 8.584812897415580228e+06 1.020000000000000018e+00
2.300000000000000000e+01 4.115210237993222196e+06 9.799999999999999822e-01
2.600000000000000000e+01 6.352776705734620802e+06 1.020000000000000018e+00
2.600000000000000000e+01 2.174981936676546931e+06 1.100000000000000089e+00
2.500000000000000000e+01 2.360849278650597669e+06 8.800000000000000044e-01
3.000000000000000000e+01 1.192871484459253401e+07 9.899999999999999911e-01
3.000000000000000000e+01 9.307576093746842816e+06 1.080000000000000071e+00
3.100000000000000000e+01 2.193130676033156458e+06 1.120000000000000107e+00
3.300000000000000000e+01 1.531931054724902147e+06 9.699999999999999734e-01
2.400000000000000000e+01 2.603482275208796374e+06 9.100000000000000311e-01
2.300000000000000000e+01 1.958987756934465375e+06 1.010000000000000009e+00
3.900000000000000000e+01 2.101928953373449389e+06 1.159999999999999920e+00
4.000000000000000000e+01 9.622710189433898777e+06 1.020000000000000018e+00
2.400000000000000000e+01 2.437687628385803197e+06 1.100000000000000089e+00
2.100000000000000000e+01 1.578800266880224226e+06 1.129999999999999893e+00
2.700000000000000000e+01 2.361439592513069045e+06 1.750000000000000000e+00
2.900000000000000000e+01 1.501605936652973294e+06 9.300000000000000488e-01
3.700000000000000000e+01 1.694619386420453899e+06 1.060000000000000053e+00
2.500000000000000000e+01 2.411203942943586037e+06 9.599999999999999645e-01
4.100000000000000000e+01 1.039913049695174582e+07 9.899999999999999911e-01
5.600000000000000000e+01 2.374574261993788183e+06 1.239999999999999991e+00
2.700000000000000000e+01 1.152105301945818402e+07 1.439999999999999947e+00
2.100000000000000000e+01 2.317358096559247002e+06 1.100000000000000089e+00
4.000000000000000000e+01 2.282921094928216655e+06 1.080000000000000071e+00
2.700000000000000000e+01 3.643914947125495411e+06 9.699999999999999734e-01
4.500000000000000000e+01 2.407581457100291736e+06 1.189999999999999947e+00
2.800000000000000000e+01 1.575026123143440112e+06 1.080000000000000071e+00
2.200000000000000000e+01 9.208095857159255072e+06 1.479999999999999982e+00
3.600000000000000000e+01 2.209589719359470997e+06 1.050000000000000044e+00
2.700000000000000000e+01 1.576669185545054264e+06 1.399999999999999911e+00
3.200000000000000000e+01 2.447483356817513239e+06 1.020000000000000018e+00
2.800000000000000000e+01 1.510420059779463103e+06 1.129999999999999893e+00
3.700000000000000000e+01 2.444909997626869474e+06 1.030000000000000027e+00
5.000000000000000000e+01 2.365556280489019584e+06 9.699999999999999734e-01
3.400000000000000000e+01 1.146916963812099397e+07 1.100000000000000089e+00
4.100000000000000000e+01 2.349644335088494234e+06 1.030000000000000027e+00
2.500000000000000000e+01 2.384480886450744700e+06 1.360000000000000098e+00
3.800000000000000000e+01 3.508397806127273478e+06 9.399999999999999467e-01
3.400000000000000000e+01 5.460988562020868063e+06 9.000000000000000222e-01
5.200000000000000000e+01 2.529481825619395822e+06 8.800000000000000044e-01
2.200000000000000000e+01 1.209509918612214364e+07 8.599999999999999867e-01
3.800000000000000000e+01 1.241148099395646527e+07 9.899999999999999911e-01
4.100000000000000000e+01 1.987193924221701222e+06 1.020000000000000018e+00
2.200000000000000000e+01 1.182983106945141964e+07 1.429999999999999938e+00
2.100000000000000000e+01 1.598460168461846886e+06 1.120000000000000107e+00
3.200000000000000000e+01 2.728508374278834555e+06 9.899999999999999911e-01
2.700000000000000000e+01 1.081271683268221654e+07 1.189999999999999947e+00
2.600000000000000000e+01 2.805027043845361564e+06 1.469999999999999973e+00
2.900000000000000000e+01 8.598332880250073969e+06 1.360000000000000098e+00
2.800000000000000000e+01 1.652797856125519844e+06 1.080000000000000071e+00
3.300000000000000000e+01 2.392298358081589919e+06 1.290000000000000036e+00
4.100000000000000000e+01 1.533021397562797647e+06 1.139999999999999902e+00
3.000000000000000000e+01 8.193812420391331427e+06 1.139999999999999902e+00
2.900000000000000000e+01 2.295432176886412315e+06 1.229999999999999982e+00
2.200000000000000000e+01 1.533409059436817886e+06 9.399999999999999467e-01
3.300000000000000000e+01 2.222825642039656639e+06 1.129999999999999893e+00
2.200000000000000000e+01 6.853353626367878169e+06 7.500000000000000000e-01
2.700000000000000000e+01 1.055807892465027049e+07 1.260000000000000009e+00
3.400000000000000000e+01 2.228181877746867016e+06 1.090000000000000080e+00
3.600000000000000000e+01 2.059786755511363735e+06 1.120000000000000107e+00
3.200000000000000000e+01 2.144098713505830616e+06 1.060000000000000053e+00
4.600000000000000000e+01 5.972535872753366828e+06 9.399999999999999467e-01
4.700000000000000000e+01 2.093972538344274508e+06 1.239999999999999991e+00
3.500000000000000000e+01 1.843455285715910140e+06 1.239999999999999991e+00
3.900000000000000000e+01 1.503583879498085473e+06 1.360000000000000098e+00
2.600000000000000000e+01 2.341571943713760935e+06 9.399999999999999467e-01
2.500000000000000000e+01 2.787481266226646956e+06 1.060000000000000053e+00
2.300000000000000000e+01 3.207389545099934563e+06 1.229999999999999982e+00
3.900000000000000000e+01 4.644072056202468462e+06 1.030000000000000027e+00
2.600000000000000000e+01 4.840663889844060875e+06 1.100000000000000089e+00
3.300000000000000000e+01 2.103031226212083828e+06 9.399999999999999467e-01
2.800000000000000000e+01 5.378808962230184115e+06 8.599999999999999867e-01
2.900000000000000000e+01 1.620790348957229173e+06 1.100000000000000089e+00
5.100000000000000000e+01 1.513880370947483229e+06 9.699999999999999734e-01
3.700000000000000000e+01 4.481714534131711349e+06 1.330000000000000071e+00
4.000000000000000000e+01 2.390299775753484108e+06 1.159999999999999920e+00
2.700000000000000000e+01 2.322837618458704092e+06 9.899999999999999911e-01
2.400000000000000000e+01 2.104514357122978196e+06 1.120000000000000107e+00
3.300000000000000000e+01 2.623744084767763037e+06 1.100000000000000089e+00
2.600000000000000000e+01 1.530743614946654066e+06 1.050000000000000044e+00
2.900000000000000000e+01 3.653907356805188116e+06 1.100000000000000089e+00
6.600000000000000000e+01 4.003038045890196227e+06 8.000000000000000444e-01
4.100000000000000000e+01 2.160680540084492415e+06 9.799999999999999822e-01
5.300000000000000000e+01 2.156467312261932995e+06 1.010000000000000009e+00
3.100000000000000000e+01 1.671851149439126253e+06 1.330000000000000071e+00
3.100000000000000000e+01 1.520038344493006589e+06 1.239999999999999991e+00
2.400000000000000000e+01 1.541943158505100524e+06 1.469999999999999973e+00
2.500000000000000000e+01 2.176179463506259490e+06 8.599999999999999867e-01
2.900000000000000000e+01 3.712078019324946683e+06 1.080000000000000071e+00
3.900000000000000000e+01 3.197382277711106930e+06 1.389999999999999902e+00
3.600000000000000000e+01 2.124499557618324645e+06 1.139999999999999902e+00
2.100000000000000000e+01 2.142243497463221662e+06 1.090000000000000080e+00
3.300000000000000000e+01 1.630803842215006473e+06 9.899999999999999911e-01
2.800000000000000000e+01 1.636181772038759198e+06 1.120000000000000107e+00
3.200000000000000000e+01 2.952255619524446316e+06 9.000000000000000222e-01
2.300000000000000000e+01 4.096319603476741817e+06 1.379999999999999893e+00
2.600000000000000000e+01 4.071642779866468627e+06 9.799999999999999822e-01
4.500000000000000000e+01 2.511350666747753043e+06 9.000000000000000222e-01
2.300000000000000000e+01 1.492948050101346336e+06 1.010000000000000009e+00
3.600000000000000000e+01 2.593840399766901042e+06 1.080000000000000071e+00
2.900000000000000000e+01 2.414719573363634292e+06 8.000000000000000444e-01
2.300000000000000000e+01 3.080840091851880774e+06 1.080000000000000071e+00
2.100000000000000000e+01 2.701324281870554667e+06 9.899999999999999911e-01
5.000000000000000000e+01 2.554161480977658648e+06 1.090000000000000080e+00
2.800000000000000000e+01 1.650601767586423084e+06 1.239999999999999991e+00
5.100000000000000000e+01 1.551938467785252724e+06 9.899999999999999911e-01
2.400000000000000000e+01 2.070583434295630781e+06 9.100000000000000311e-01
2.100000000000000000e+01 2.257182333356305026e+06 9.100000000000000311e-01
3.700000000000000000e+01 2.046586510198808508e+06 9.699999999999999734e-01
2.200000000000000000e+01 2.373413725377298426e+06 9.699999999999999734e-01
3.500000000000000000e+01 1.998075328735087998e+06 1.030000000000000027e+00
2.600000000000000000e+01 2.000526489158414770e+06 8.900000000000000133e-01
3.100000000000000000e+01 2.000029579319915269e+06 1.189999999999999947e+00
3.500000000000000000e+01 2.014843641677075066e+06 1.209999999999999964e+00
3.700000000000000000e+01 2.625644839446548838e+06 8.900000000000000133e-01
2.300000000000000000e+01 2.871590106819898821e+06 9.699999999999999734e-01
2.700000000000000000e+01 2.908290326034350786e+06 9.300000000000000488e-01
2.600000000000000000e+01 1.594720720506248064e+06 9.799999999999999822e-01
3.000000000000000000e+01 2.815937807961705606e+06 9.899999999999999911e-01
2.300000000000000000e+01 2.014459713392481674e+06 8.499999999999999778e-01
2.900000000000000000e+01 1.744463815891990904e+06 9.399999999999999467e-01
2.800000000000000000e+01 2.637961439348170999e+06 1.090000000000000080e+00
3.600000000000000000e+01 2.077584465786525514e+06 1.120000000000000107e+00
3.600000000000000000e+01 2.338627240527160466e+06 1.330000000000000071e+00
3.600000000000000000e+01 3.725843197186103556e+06 1.280000000000000027e+00
2.600000000000000000e+01 2.064959768974051345e+06 1.570000000000000062e+00
2.700000000000000000e+01 2.399976823154643644e+06 9.599999999999999645e-01
2.300000000000000000e+01 2.314038702066155616e+06 1.080000000000000071e+00
2.500000000000000000e+01 3.054009521246129647e+06 1.350000000000000089e+00
2.900000000000000000e+01 2.019048287964747055e+06 1.080000000000000071e+00
2.700000000000000000e+01 2.264586520435951184e+06 1.270000000000000018e+00
5.300000000000000000e+01 2.079024036928538466e+06 1.080000000000000071e+00
2.300000000000000000e+01 1.630064420359711861e+06 1.050000000000000044e+00
2.100000000000000000e+01 2.991703753459487576e+06 9.000000000000000222e-01
2.700000000000000000e+01 1.985137103678301675e+06 1.360000000000000098e+00
3.500000000000000000e+01 2.540732547061697580e+06 1.159999999999999920e+00
2.400000000000000000e+01 3.581097542518304661e+06 9.100000000000000311e-01
4.500000000000000000e+01 1.758321907693042886e+06 9.599999999999999645e-01
3.400000000000000000e+01 2.286227501421456691e+06 1.159999999999999920e+00
3.200000000000000000e+01 2.137837954112598673e+06 1.439999999999999947e+00
2.300000000000000000e+01 1.597144950697082793e+06 9.899999999999999911e-01
4.100000000000000000e+01 2.303745746481284034e+06 9.000000000000000222e-01
3.000000000000000000e+01 2.902206908823888283e+06 8.000000000000000444e-01
2.400000000000000000e+01 2.353662890893766657e+06 1.060000000000000053e+00
3.300000000000000000e+01 2.369555566244928166e+06 1.090000000000000080e+00
2.800000000000000000e+01 1.651375810957651585e+06 9.799999999999999822e-01
5.300000000000000000e+01 2.247138918509689625e+06 1.010000000000000009e+00
3.600000000000000000e+01 2.131578888139632065e+06 9.599999999999999645e-01
3.600000000000000000e+01 3.402700879509378225e+06 1.080000000000000071e+00
2.900000000000000000e+01 1.514208070043315180e+06 1.330000000000000071e+00
2.700000000000000000e+01 1.517701418421029812e+06 1.129999999999999893e+00
3.500000000000000000e+01 2.254653997123177163e+06 8.499999999999999778e-01
2.400000000000000000e+01 2.177701553396855947e+06 9.899999999999999911e-01
2.100000000000000000e+01 1.561562355611003703e+06 8.100000000000000533e-01
2.900000000000000000e+01 2.064999936369146686e+06 1.100000000000000089e+00
2.900000000000000000e+01 1.527612804984269664e+06 9.699999999999999734e-01
4.600000000000000000e+01 2.285937577187404502e+06 8.900000000000000133e-01
2.900000000000000000e+01 2.886227510216468014e+06 1.080000000000000071e+00
3.500000000000000000e+01 2.203807584326120093e+06 9.399999999999999467e-01
3.500000000000000000e+01 1.595973513318772195e+06 1.189999999999999947e+00
3.000000000000000000e+01 2.160720473333423026e+06 9.799999999999999822e-01
3.100000000000000000e+01 2.548491368795013521e+06 1.030000000000000027e+00
2.400000000000000000e+01 2.085765939127061283e+06 9.399999999999999467e-01
3.600000000000000000e+01 1.985769153129449114e+06 1.260000000000000009e+00
3.500000000000000000e+01 1.900169453302321956e+06 1.169999999999999929e+00
2.300000000000000000e+01 1.653047172550230986e+06 1.010000000000000009e+00
2.800000000000000000e+01 1.912374855696660466e+06 1.050000000000000044e+00
3.000000000000000000e+01 1.584246060898300027e+06 1.060000000000000053e+00
2.900000000000000000e+01 1.910482585381801939e+06 9.599999999999999645e-01
5.900000000000000000e+01 1.882540499498437159e+06 8.800000000000000044e-01
2.200000000000000000e+01 1.830180908014095854e+06 9.300000000000000488e-01
2.100000000000000000e+01 1.520322057601816254e+06 9.799999999999999822e-01
4.000000000000000000e+01 2.323954725622423459e+06 1.100000000000000089e+00
2.300000000000000000e+01 2.181237103035583161e+06 9.399999999999999467e-01
2.200000000000000000e+01 1.541304932676719036e+06 1.060000000000000053e+00
2.300000000000000000e+01 2.450744003847064916e+06 1.030000000000000027e+00
4.200000000000000000e+01 1.650987236058187438e+06 9.000000000000000222e-01
4.000000000000000000e+01 2.258832446519093588e+06 1.010000000000000009e+00
3.800000000000000000e+01 2.250683802487045992e+06 1.060000000000000053e+00
3.500000000000000000e+01 2.213639978203044739e+06 1.270000000000000018e+00
7.900000000000000000e+01 1.503170452019401593e+06 9.599999999999999645e-01
3.000000000000000000e+01 1.491970545528959716e+06 7.800000000000000266e-01
2.100000000000000000e+01 1.522543886060476303e+06 9.000000000000000222e-01
2.800000000000000000e+01 2.045969214248053264e+06 1.050000000000000044e+00
2.700000000000000000e+01 2.276136099426019005e+06 1.189999999999999947e+00
3.700000000000000000e+01 1.394427720327769872e+06 1.050000000000000044e+00
3.500000000000000000e+01 1.453721499146275455e+06 1.139999999999999902e+00
2.600000000000000000e+01 1.360913697015848942e+06 8.800000000000000044e-01
4.000000000000000000e+01 2.229445307847016025e+06 1.060000000000000053e+00
5.400000000000000000e+01 2.132682060539757833e+06 9.000000000000000222e-01
3.000000000000000000e+01 2.220251035436928272e+06 9.899999999999999911e-01
3.600000000000000000e+01 1.425825893389820354e+06 1.120000000000000107e+00
3.000000000000000000e+01 2.096287022585997591e+06 1.229999999999999982e+00
2.200000000000000000e+01 2.026915176694828551e+06 1.050000000000000044e+00
2.200000000000000000e+01 1.969519956103802891e+06 8.900000000000000133e-01
3.700000000000000000e+01 5.138301134699443355e+06 1.239999999999999991e+00
2.300000000000000000e+01 4.211976774627443403e+06 1.350000000000000089e+00
2.300000000000000000e+01 4.034649771196940448e+06 1.139999999999999902e+00
2.600000000000000000e+01 4.289870656820609234e+06 8.000000000000000444e-01
3.500000000000000000e+01 3.596561838687118609e+06 1.100000000000000089e+00
2.400000000000000000e+01 3.671046466805809177e+06 1.129999999999999893e+00
2.500000000000000000e+01 3.680393990249158815e+06 1.189999999999999947e+00
2.700000000000000000e+01 3.238301170785570052e+06 1.340000000000000080e+00
3.700000000000000000e+01 3.269095892004651483e+06 1.060000000000000053e+00
2.600000000000000000e+01 3.521974227220471017e+06 8.800000000000000044e-01
2.900000000000000000e+01 3.650155967310887761e+06 1.260000000000000009e+00
4.000000000000000000e+01 3.188200671624662355e+06 1.189999999999999947e+00
3.800000000000000000e+01 3.291048999387617223e+06 1.020000000000000018e+00
2.700000000000000000e+01 3.320958483190474566e+06 1.169999999999999929e+00
3.000000000000000000e+01 3.826633786611767486e+06 1.050000000000000044e+00
2.500000000000000000e+01 4.308557540335597470e+06 1.030000000000000027e+00
3.300000000000000000e+01 3.086839423187060282e+06 1.239999999999999991e+00
3.700000000000000000e+01 2.900312766305941623e+06 9.699999999999999734e-01
2.600000000000000000e+01 3.252892249854910653e+06 1.439999999999999947e+00
3.500000000000000000e+01 3.335925082453137729e+06 1.030000000000000027e+00
3.000000000000000000e+01 3.632068795191486832e+06 1.169999999999999929e+00
2.700000000000000000e+01 2.997796174507206306e+06 1.169999999999999929e+00
2.300000000000000000e+01 4.385010787123621441e+06 1.010000000000000009e+00
2.500000000000000000e+01 3.094270655032282695e+06 1.169999999999999929e+00
3.700000000000000000e+01 3.394369281513217837e+06 9.799999999999999822e-01
5.300000000000000000e+01 4.362437347335568629e+06 9.599999999999999645e-01
3.200000000000000000e+01 3.213467914357158355e+06 7.900000000000000355e-01
3.400000000000000000e+01 4.944078377045942470e+06 1.100000000000000089e+00
3.300000000000000000e+01 4.984651540722684003e+06 1.449999999999999956e+00
2.900000000000000000e+01 4.088078244221397676e+06 1.120000000000000107e+00
2.600000000000000000e+01 2.864450121355532203e+06 1.080000000000000071e+00
2.800000000000000000e+01 2.840813709927801043e+06 9.599999999999999645e-01
2.300000000000000000e+01 2.775815508645539172e+06 1.010000000000000009e+00
3.200000000000000000e+01 3.375806116382733453e+06 1.120000000000000107e+00
3.100000000000000000e+01 4.710338061024051160e+06 9.799999999999999822e-01
2.800000000000000000e+01 5.672721609663964249e+06 9.399999999999999467e-01
2.600000000000000000e+01 5.953223624695418403e+06 1.060000000000000053e+00
2.600000000000000000e+01 3.199091170692659914e+06 1.370000000000000107e+00
2.200000000000000000e+01 3.416912541304759681e+06 1.050000000000000044e+00
2.500000000000000000e+01 2.802900791138913017e+06 1.139999999999999902e+00
2.400000000000000000e+01 5.780362726470954716e+06 8.599999999999999867e-01
4.300000000000000000e+01 5.642086726305387914e+06 1.209999999999999964e+00
2.100000000000000000e+01 3.478934511674487963e+06 9.599999999999999645e-01
2.400000000000000000e+01 4.618122765271329321e+06 9.300000000000000488e-01
3.100000000000000000e+01 4.282366264534708112e+06 9.100000000000000311e-01
2.300000000000000000e+01 2.805775135113760829e+06 7.900000000000000355e-01
2.300000000000000000e+01 3.326647275874189101e+06 1.320000000000000062e+00
2.700000000000000000e+01 4.076789087955517229e+06 1.189999999999999947e+00
3.100000000000000000e+01 3.244471847166567575e+06 1.459999999999999964e+00
4.400000000000000000e+01 3.060078974836175796e+06 1.189999999999999947e+00
4.400000000000000000e+01 3.991641442935006227e+06 1.090000000000000080e+00
3.000000000000000000e+01 3.344798763433569577e+06 9.599999999999999645e-01
3.300000000000000000e+01 3.211747535789377056e+06 9.599999999999999645e-01
3.600000000000000000e+01 3.043617406955365092e+06 1.209999999999999964e+00
2.800000000000000000e+01 2.347201752885546535e+06 8.499999999999999778e-01
3.700000000000000000e+01 3.266545356096962932e+06 9.399999999999999467e-01
2.400000000000000000e+01 3.689142461373004131e+06 1.489999999999999991e+00
3.400000000000000000e+01 3.219203424695053138e+06 1.080000000000000071e+00
4.200000000000000000e+01 3.115072822009156924e+06 1.409999999999999920e+00
4.300000000000000000e+01 3.446453328911390621e+06 9.899999999999999911e-01
4.200000000000000000e+01 3.256305010790976696e+06 1.439999999999999947e+00
2.400000000000000000e+01 2.575125286102659535e+06 1.290000000000000036e+00
5.200000000000000000e+01 3.279926015859352425e+06 9.300000000000000488e-01
4.000000000000000000e+01 3.016691374875000212e+06 1.030000000000000027e+00
2.300000000000000000e+01 3.918148660238063894e+06 9.599999999999999645e-01
2.400000000000000000e+01 2.975132173083824571e+06 1.120000000000000107e+00
3.300000000000000000e+01 2.765631516332565807e+06 1.239999999999999991e+00
2.200000000000000000e+01 2.875779492003567517e+06 1.080000000000000071e+00
3.300000000000000000e+01 3.620600051687604748e+06 1.360000000000000098e+00
2.300000000000000000e+01 4.264503564407059923e+06 8.800000000000000044e-01
4.500000000000000000e+01 3.828573525334768463e+06 1.129999999999999893e+00
2.700000000000000000e+01 4.071623469386989716e+06 1.169999999999999929e+00
2.400000000000000000e+01 2.694755920016339049e+06 1.030000000000000027e+00
2.400000000000000000e+01 3.474224526856961660e+06 1.129999999999999893e+00
2.300000000000000000e+01 2.943058877782051917e+06 1.030000000000000027e+00
4.200000000000000000e+01 2.208282797124032862e+06 1.010000000000000009e+00
4.300000000000000000e+01 2.779174058080068789e+06 1.330000000000000071e+00
4.200000000000000000e+01 3.312284814395462628e+06 1.229999999999999982e+00
2.500000000000000000e+01 2.705384928868781310e+06 9.899999999999999911e-01
3.800000000000000000e+01 3.558111636248859111e+06 1.100000000000000089e+00
4.200000000000000000e+01 3.822893264990960713e+06 1.260000000000000009e+00
2.600000000000000000e+01 3.397443514699127059e+06 1.610000000000000098e+00
3.300000000000000000e+01 3.234112646457132883e+06 1.239999999999999991e+00
2.300000000000000000e+01 2.840945900905312970e+06 1.189999999999999947e+00
5.700000000000000000e+01 3.247627410829115659e+06 1.120000000000000107e+00
2.600000000000000000e+01 2.865223247509027831e+06 1.290000000000000036e+00
2.200000000000000000e+01 3.124859651525797322e+06 1.050000000000000044e+00
3.000000000000000000e+01 2.972246007451991551e+06 9.599999999999999645e-01
2.900000000000000000e+01 3.651041317966872361e+06 1.030000000000000027e+00
3.900000000000000000e+01 3.667585717891932465e+06 1.370000000000000107e+00
3.300000000000000000e+01 3.138094315717058256e+06 1.090000000000000080e+00
4.300000000000000000e+01 3.409858675198178738e+06 9.699999999999999734e-01
3.000000000000000000e+01 2.695626368960828520e+06 1.350000000000000089e+00
2.600000000000000000e+01 2.776294245859023184e+06 1.050000000000000044e+00
3.400000000000000000e+01 2.762412557646821719e+06 1.159999999999999920e+00
2.100000000000000000e+01 2.235557752796671353e+06 1.050000000000000044e+00
3.900000000000000000e+01 3.313816630979854614e+06 1.080000000000000071e+00
2.700000000000000000e+01 3.117362029862745665e+06 1.469999999999999973e+00
2.800000000000000000e+01 3.053029363095435314e+06 1.129999999999999893e+00
2.100000000000000000e+01 2.624001962356044445e+06 1.060000000000000053e+00
4.300000000000000000e+01 2.913828709716695361e+06 9.000000000000000222e-01
3.700000000000000000e+01 3.309777290210860781e+06 1.080000000000000071e+00
3.100000000000000000e+01 3.265825564388068859e+06 1.229999999999999982e+00
3.200000000000000000e+01 2.511384965498302598e+06 9.799999999999999822e-01
3.100000000000000000e+01 2.693986614832898136e+06 1.169999999999999929e+00
3.000000000000000000e+01 3.548992831544585992e+06 8.599999999999999867e-01
2.100000000000000000e+01 2.723168674090568908e+06 1.679999999999999938e+00
4.100000000000000000e+01 2.726495640014535747e+06 1.080000000000000071e+00
3.900000000000000000e+01 2.916445008952828124e+06 9.799999999999999822e-01
2.500000000000000000e+01 2.982392810897588264e+06 1.020000000000000018e+00
3.400000000000000000e+01 2.901401184840659611e+06 8.399999999999999689e-01
3.200000000000000000e+01 2.578583630942780059e+06 1.169999999999999929e+00
3.000000000000000000e+01 2.733863848554325756e+06 1.129999999999999893e+00
2.700000000000000000e+01 2.611733975477121305e+06 1.159999999999999920e+00
4.100000000000000000e+01 2.755713389636504930e+06 1.320000000000000062e+00
2.300000000000000000e+01 2.940434098930202890e+06 1.090000000000000080e+00
3.300000000000000000e+01 2.605995692909134552e+06 9.300000000000000488e-01
3.300000000000000000e+01 2.976454985471832100e+06 1.090000000000000080e+00
2.800000000000000000e+01 2.658775119179857895e+06 9.399999999999999467e-01
2.400000000000000000e+01 2.927571255058581475e+06 1.010000000000000009e+00
2.100000000000000000e+01 2.796530274245440494e+06 1.080000000000000071e+00
2.100000000000000000e+01 2.617924241905458272e+06 1.090000000000000080e+00
3.900000000000000000e+01 2.798920055827253032e+06 8.100000000000000533e-01
3.100000000000000000e+01 2.702376368875287939e+06 1.229999999999999982e+00
2.500000000000000000e+01 3.410079074534952641e+06 1.209999999999999964e+00
3.000000000000000000e+01 2.810494946792893577e+06 1.050000000000000044e+00
2.400000000000000000e+01 2.605816542449893896e+06 9.599999999999999645e-01
3.400000000000000000e+01 2.922035135074171238e+06 1.419999999999999929e+00
4.900000000000000000e+01 3.116433270989251323e+06 1.010000000000000009e+00
2.500000000000000000e+01 2.773198645630268380e+06 9.399999999999999467e-01
3.400000000000000000e+01 3.372190029564463533e+06 1.229999999999999982e+00
8.300000000000000000e+01 2.584117734390897676e+06 8.199999999999999512e-01
3.400000000000000000e+01 2.556900472491280641e+06 9.100000000000000311e-01
3.100000000000000000e+01 2.019235233067279914e+06 9.100000000000000311e-01
2.800000000000000000e+01 3.209263464604327921e+06 1.060000000000000053e+00
3.700000000000000000e+01 2.891118627829279285e+06 1.290000000000000036e+00
3.100000000000000000e+01 2.594714073311896529e+06 1.169999999999999929e+00
2.900000000000000000e+01 2.765766712522232439e+06 1.159999999999999920e+00
3.000000000000000000e+01 2.414248993024614174e+06 1.459999999999999964e+00
7.400000000000000000e+01 2.314417896084140521e+06 1.239999999999999991e+00
5.000000000000000000e+01 2.618044955930563621e+06 1.139999999999999902e+00
2.900000000000000000e+01 3.490466172301103361e+06 9.899999999999999911e-01
3.200000000000000000e+01 2.537832518774014432e+06 1.310000000000000053e+00
3.300000000000000000e+01 2.445341795981304720e+06 1.129999999999999893e+00
5.400000000000000000e+01 3.631199323929678649e+06 1.120000000000000107e+00
3.700000000000000000e+01 3.043140243948258925e+06 1.550000000000000044e+00
4.400000000000000000e+01 3.076431936607246753e+06 1.479999999999999982e+00
3.100000000000000000e+01 2.979984034644436557e+06 1.320000000000000062e+00
3.200000000000000000e+01 2.451538872775624041e+06 1.310000000000000053e+00
4.800000000000000000e+01 3.105976468628514558e+06 1.030000000000000027e+00
2.400000000000000000e+01 2.714845537293493282e+06 9.300000000000000488e-01
3.800000000000000000e+01 2.792613290426042397e+06 1.080000000000000071e+00
3.400000000000000000e+01 2.596146730283224490e+06 9.399999999999999467e-01
3.100000000000000000e+01 3.317449271757835988e+06 1.469999999999999973e+00
4.100000000000000000e+01 2.564941799274622928e+06 1.020000000000000018e+00
3.500000000000000000e+01 2.311173964452647604e+06 9.799999999999999822e-01
4.400000000000000000e+01 3.198404290112569463e+06 1.050000000000000044e+00
2.600000000000000000e+01 2.445644582810879685e+06 9.300000000000000488e-01
2.300000000000000000e+01 2.564122210361260455e+06 1.139999999999999902e+00
4.400000000000000000e+01 2.483896378658521455e+06 1.310000000000000053e+00
3.300000000000000000e+01 2.534107788552384824e+06 8.800000000000000044e-01
4.800000000000000000e+01 3.237160718029574957e+06 1.260000000000000009e+00
4.100000000000000000e+01 2.348355368865082040e+06 8.800000000000000044e-01
2.700000000000000000e+01 2.727924544087450486e+06 1.030000000000000027e+00
2.200000000000000000e+01 2.486991291738892905e+06 1.320000000000000062e+00
3.500000000000000000e+01 2.579464263769213576e+06 1.169999999999999929e+00
5.100000000000000000e+01 3.025810480055454187e+06 9.799999999999999822e-01
3.400000000000000000e+01 2.656883624435405247e+06 1.090000000000000080e+00
2.800000000000000000e+01 2.545649714113337919e+06 1.139999999999999902e+00
2.300000000000000000e+01 2.329667582876352128e+06 1.209999999999999964e+00
3.000000000000000000e+01 2.412079027767680585e+06 1.260000000000000009e+00
2.300000000000000000e+01 2.362234842333518900e+06 1.120000000000000107e+00
2.400000000000000000e+01 2.438551275211895350e+06 1.169999999999999929e+00
2.400000000000000000e+01 2.683217185284946579e+06 1.129999999999999893e+00
2.500000000000000000e+01 2.468402459014735650e+06 1.370000000000000107e+00
2.300000000000000000e+01 2.409526785211498849e+06 1.100000000000000089e+00
3.400000000000000000e+01 2.546631155834708363e+06 1.159999999999999920e+00
2.800000000000000000e+01 2.450687998862089589e+06 8.399999999999999689e-01
2.700000000000000000e+01 2.373820244871926028e+06 1.310000000000000053e+00
3.200000000000000000e+01 2.324578254759255331e+06 8.399999999999999689e-01
3.600000000000000000e+01 2.476341544226066675e+06 8.800000000000000044e-01
4.000000000000000000e+01 2.394800523874031845e+06 1.209999999999999964e+00
3.700000000000000000e+01 2.490441680909312330e+06 1.129999999999999893e+00
4.000000000000000000e+01 2.449424572115333751e+06 9.100000000000000311e-01
2.800000000000000000e+01 2.576636878844091669e+06 1.080000000000000071e+00
3.000000000000000000e+01 3.092415472623471171e+06 1.500000000000000000e+00
7.300000000000000000e+01 3.028610456155138556e+06 1.090000000000000080e+00
5.600000000000000000e+01 2.412033367176662199e+06 9.599999999999999645e-01
4.600000000000000000e+01 2.454159459682155866e+06 1.280000000000000027e+00
5.200000000000000000e+01 3.110914531861294527e+06 1.020000000000000018e+00
4.200000000000000000e+01 2.597849246160870418e+06 1.030000000000000027e+00
4.000000000000000000e+01 3.214747079014011659e+06 9.799999999999999822e-01
3.900000000000000000e+01 2.794015469794042874e+06 1.020000000000000018e+00
3.800000000000000000e+01 2.751029804319562390e+06 1.169999999999999929e+00
2.600000000000000000e+01 2.896871705661498476e+06 1.050000000000000044e+00
3.300000000000000000e+01 3.665720409192563500e+06 1.120000000000000107e+00
2.500000000000000000e+01 2.690127412396125030e+06 1.080000000000000071e+00
2.500000000000000000e+01 1.925961367543227738e+06 9.100000000000000311e-01
4.100000000000000000e+01 1.896525442827499239e+06 9.599999999999999645e-01
2.600000000000000000e+01 3.120223384204654954e+06 9.899999999999999911e-01
3.100000000000000000e+01 2.882614941404575016e+06 9.899999999999999911e-01
2.400000000000000000e+01 3.571687807376443874e+06 1.139999999999999902e+00
2.500000000000000000e+01 1.918297462399459677e+06 1.100000000000000089e+00
3.400000000000000000e+01 3.279580722225735430e+06 1.010000000000000009e+00
3.300000000000000000e+01 2.528616581003517844e+06 9.399999999999999467e-01
3.700000000000000000e+01 2.614048765359609853e+06 1.169999999999999929e+00
2.300000000000000000e+01 3.365268674197037239e+06 8.900000000000000133e-01
3.200000000000000000e+01 1.592907161129315849e+06 1.189999999999999947e+00
3.400000000000000000e+01 3.175403031930791214e+06 1.030000000000000027e+00
2.300000000000000000e+01 2.363340122164059896e+06 8.800000000000000044e-01
3.800000000000000000e+01 1.986274232398478081e+06 1.129999999999999893e+00
2.700000000000000000e+01 1.713502825572420377e+06 1.060000000000000053e+00
2.100000000000000000e+01 1.848223100803606678e+06 9.899999999999999911e-01
2.200000000000000000e+01 2.523678614377873018e+06 9.599999999999999645e-01
4.200000000000000000e+01 1.342549883073109668e+06 1.100000000000000089e+00
3.700000000000000000e+01 1.293467192568893079e+06 1.399999999999999911e+00
2.100000000000000000e+01 1.335492585801203968e+06 1.120000000000000107e+00
2.400000000000000000e+01 1.009237807630944764e+06 9.399999999999999467e-01
3.600000000000000000e+01 1.370146925724701723e+06 9.899999999999999911e-01
3.900000000000000000e+01 1.358655814252922777e+06 1.020000000000000018e+00
3.600000000000000000e+01 1.189306137361344881e+06 9.899999999999999911e-01
3.000000000000000000e+01 1.214259414355375804e+06 9.699999999999999734e-01
2.400000000000000000e+01 1.943326678297930397e+06 1.090000000000000080e+00
2.900000000000000000e+01 1.106220813362621004e+06 1.340000000000000080e+00
2.800000000000000000e+01 1.435796152920828201e+06 9.599999999999999645e-01
2.800000000000000000e+01 2.174146127190086059e+06 1.129999999999999893e+00
2.500000000000000000e+01 1.450038367429450853e+06 1.310000000000000053e+00
2.100000000000000000e+01 1.999625572301290231e+06 9.000000000000000222e-01
2.100000000000000000e+01 1.791127893440805841e+06 1.189999999999999947e+00
2.200000000000000000e+01 1.403655748611344723e+06 1.330000000000000071e+00
2.800000000000000000e+01 1.395225660708292155e+06 1.129999999999999893e+00
2.400000000000000000e+01 1.439570124835062772e+06 1.679999999999999938e+00
2.300000000000000000e+01 1.522164982902559917e+06 1.020000000000000018e+00
3.200000000000000000e+01 1.088122655868217815e+06 1.139999999999999902e+00
3.500000000000000000e+01 2.101030983825218864e+06 1.090000000000000080e+00
2.500000000000000000e+01 1.218179310294243973e+06 9.399999999999999467e-01
3.800000000000000000e+01 1.810776218909852440e+06 1.260000000000000009e+00
3.400000000000000000e+01 2.122193867511556018e+06 8.399999999999999689e-01
2.300000000000000000e+01 1.802419215555781499e+06 8.599999999999999867e-01
2.700000000000000000e+01 1.897980775385831716e+06 9.100000000000000311e-01
2.700000000000000000e+01 1.510806260486289160e+06 9.100000000000000311e-01
5.000000000000000000e+01 1.341592340529395267e+06 1.159999999999999920e+00
4.200000000000000000e+01 1.560183117032291135e+06 1.189999999999999947e+00
3.800000000000000000e+01 2.076703437823359855e+06 1.010000000000000009e+00
4.200000000000000000e+01 1.332093841439086478e+06 1.050000000000000044e+00
3.800000000000000000e+01 1.298229185558649246e+06 1.139999999999999902e+00
3.500000000000000000e+01 2.154159626383648254e+06 9.100000000000000311e-01
2.700000000000000000e+01 1.525227291474168887e+06 1.090000000000000080e+00
2.700000000000000000e+01 1.521816413524522213e+06 1.020000000000000018e+00
2.600000000000000000e+01 1.257820315541550051e+06 9.799999999999999822e-01
2.300000000000000000e+01 2.356896188368843868e+06 1.159999999999999920e+00
2.800000000000000000e+01 2.044081526762059657e+06 1.229999999999999982e+00
5.200000000000000000e+01 1.620546984421011526e+06 1.310000000000000053e+00
3.200000000000000000e+01 1.577810080945323920e+06 8.399999999999999689e-01
3.800000000000000000e+01 1.377058335486180615e+06 1.010000000000000009e+00
4.300000000000000000e+01 1.654965581023050006e+06 1.679999999999999938e+00
2.300000000000000000e+01 2.204418213195801713e+06 9.100000000000000311e-01
2.900000000000000000e+01 1.406645099018332316e+06 9.799999999999999822e-01
2.400000000000000000e+01 3.164694220881238580e+06 1.060000000000000053e+00
3.300000000000000000e+01 1.286320727568522561e+06 1.280000000000000027e+00
2.500000000000000000e+01 1.300462286233107094e+06 1.239999999999999991e+00
4.700000000000000000e+01 1.474688126845972613e+06 1.439999999999999947e+00
5.000000000000000000e+01 1.542652963715278311e+06 1.050000000000000044e+00
2.800000000000000000e+01 1.425514381628304021e+06 1.360000000000000098e+00
3.000000000000000000e+01 1.381606728611045983e+06 1.139999999999999902e+00
2.100000000000000000e+01 1.690119682625455083e+06 1.139999999999999902e+00
3.500000000000000000e+01 1.644813684256308712e+06 1.010000000000000009e+00
4.100000000000000000e+01 1.325064608254341176e+06 1.010000000000000009e+00
5.600000000000000000e+01 1.902971758962836815e+06 8.100000000000000533e-01
3.000000000000000000e+01 1.324066073949830141e+06 9.899999999999999911e-01
3.000000000000000000e+01 1.911195928082427010e+06 1.360000000000000098e+00
2.600000000000000000e+01 2.689659114129881375e+06 9.300000000000000488e-01
3.500000000000000000e+01 1.530550996753598331e+06 1.050000000000000044e+00
5.800000000000000000e+01 2.096058394334779121e+06 8.399999999999999689e-01
2.500000000000000000e+01 1.427791370306437602e+06 1.290000000000000036e+00
2.100000000000000000e+01 1.408461945086594904e+06 1.060000000000000053e+00
2.200000000000000000e+01 1.804834453380444553e+06 8.900000000000000133e-01
2.300000000000000000e+01 1.352019621838393388e+06 1.050000000000000044e+00
3.200000000000000000e+01 1.687757011800963664e+06 1.080000000000000071e+00
2.100000000000000000e+01 2.732258502333273645e+06 1.020000000000000018e+00
2.500000000000000000e+01 1.357193068524405593e+06 1.399999999999999911e+00
3.800000000000000000e+01 1.593687498064357089e+06 8.800000000000000044e-01
3.100000000000000000e+01 2.338703038780750707e+06 1.020000000000000018e+00
2.600000000000000000e+01 2.455391647178065497e+06 9.699999999999999734e-01
3.200000000000000000e+01 1.403026956020375481e+06 1.159999999999999920e+00
3.300000000000000000e+01 1.695314929336808855e+06 1.419999999999999929e+00
2.300000000000000000e+01 1.497614010472221998e+06 1.060000000000000053e+00
2.200000000000000000e+01 1.416562378749529365e+06 9.399999999999999467e-01
2.500000000000000000e+01 1.719103076287303120e+06 1.080000000000000071e+00
2.700000000000000000e+01 1.507195357274310663e+06 1.189999999999999947e+00
3.100000000000000000e+01 1.694208150410306174e+06 8.800000000000000044e-01
3.000000000000000000e+01 1.502028065249472624e+06 1.100000000000000089e+00
3.700000000000000000e+01 2.282521979358482640e+06 9.699999999999999734e-01
2.800000000000000000e+01 2.230348742704239674e+06 9.799999999999999822e-01
2.400000000000000000e+01 2.264422310277169105e+06 1.280000000000000027e+00
2.400000000000000000e+01 1.513465273731550900e+06 9.399999999999999467e-01
2.900000000000000000e+01 1.801258323031316511e+06 1.050000000000000044e+00
3.700000000000000000e+01 1.910776144956337288e+06 9.399999999999999467e-01
4.000000000000000000e+01 3.442962081156515516e+06 1.310000000000000053e+00
2.900000000000000000e+01 1.480021220285419840e+06 1.330000000000000071e+00
4.700000000000000000e+01 1.665233109288625885e+06 1.020000000000000018e+00
2.700000000000000000e+01 1.484964011171161197e+06 1.020000000000000018e+00
4.300000000000000000e+01 5.033644302338893525e+06 1.080000000000000071e+00
4.900000000000000000e+01 2.113746200574399438e+06 8.599999999999999867e-01
2.200000000000000000e+01 2.163040075535666198e+06 1.030000000000000027e+00
2.400000000000000000e+01 1.739017806370863225e+06 9.699999999999999734e-01
3.400000000000000000e+01 2.078516738516096026e+06 1.020000000000000018e+00
3.000000000000000000e+01 1.766951859262757236e+06 1.010000000000000009e+00
4.700000000000000000e+01 1.705915290878658183e+06 9.300000000000000488e-01
5.200000000000000000e+01 2.832410338939587586e+06 1.159999999999999920e+00
5.200000000000000000e+01 1.393993510693251388e+06 1.060000000000000053e+00
3.200000000000000000e+01 2.142676813573439140e+06 1.050000000000000044e+00
2.100000000000000000e+01 1.381699921738811536e+06 8.199999999999999512e-01
2.100000000000000000e+01 6.571806235518174246e+06 9.399999999999999467e-01
2.300000000000000000e+01 1.729174792418628698e+06 1.229999999999999982e+00
2.300000000000000000e+01 2.059987099205198465e+06 1.209999999999999964e+00
2.300000000000000000e+01 1.851861885076305829e+06 1.060000000000000053e+00
3.000000000000000000e+01 7.485120675311017781e+06 1.260000000000000009e+00
2.900000000000000000e+01 1.651764247967231553e+06 1.129999999999999893e+00
2.500000000000000000e+01 1.764260405902742175e+06 1.090000000000000080e+00
2.100000000000000000e+01 1.602548881291707745e+06 8.399999999999999689e-01
3.200000000000000000e+01 6.935469026002040133e+06 8.299999999999999600e-01
2.100000000000000000e+01 4.665177143683349714e+06 1.409999999999999920e+00
4.900000000000000000e+01 1.500660006245321361e+06 9.799999999999999822e-01
2.300000000000000000e+01 2.039412589429637883e+06 8.399999999999999689e-01
3.600000000000000000e+01 1.559185984950632323e+06 1.270000000000000018e+00
2.900000000000000000e+01 6.097007522531391121e+06 1.270000000000000018e+00
3.600000000000000000e+01 1.355827829378255643e+06 1.379999999999999893e+00
2.500000000000000000e+01 7.574746964947743341e+06 1.459999999999999964e+00
2.200000000000000000e+01 1.507764725152339088e+06 1.030000000000000027e+00
4.600000000000000000e+01 1.385195357415059768e+07 1.120000000000000107e+00
2.200000000000000000e+01 1.592641095250577899e+06 1.209999999999999964e+00
3.900000000000000000e+01 2.486546899084612262e+06 9.699999999999999734e-01
3.900000000000000000e+01 2.373816994080208242e+06 1.120000000000000107e+00
2.600000000000000000e+01 1.817364923287664773e+06 1.050000000000000044e+00
3.700000000000000000e+01 4.777321530223788694e+06 1.310000000000000053e+00
2.900000000000000000e+01 1.955032402034003055e+06 9.599999999999999645e-01
3.700000000000000000e+01 3.444772896827417891e+06 1.080000000000000071e+00
2.500000000000000000e+01 1.392947053133311868e+07 1.050000000000000044e+00
3.400000000000000000e+01 1.775540282865999034e+06 1.010000000000000009e+00
5.100000000000000000e+01 1.861684623385336949e+06 9.100000000000000311e-01
3.300000000000000000e+01 1.572190139860920841e+06 1.050000000000000044e+00
2.300000000000000000e+01 1.405344588283484569e+06 1.120000000000000107e+00
2.600000000000000000e+01 2.318130965169517789e+06 7.800000000000000266e-01
2.500000000000000000e+01 3.153700527552932967e+06 1.469999999999999973e+00
3.000000000000000000e+01 1.725671573813177412e+06 1.169999999999999929e+00
2.700000000000000000e+01 2.870826487031790894e+06 8.599999999999999867e-01
2.500000000000000000e+01 2.115362812246843707e+06 1.320000000000000062e+00
2.600000000000000000e+01 7.977858255591587164e+06 9.100000000000000311e-01
3.500000000000000000e+01 2.720736835007292684e+06 1.050000000000000044e+00
2.700000000000000000e+01 1.087691817550463602e+07 1.260000000000000009e+00
2.700000000000000000e+01 2.023200369789357763e+06 8.000000000000000444e-01
4.400000000000000000e+01 8.507443397682227194e+06 9.699999999999999734e-01
2.500000000000000000e+01 1.707527060832048766e+06 1.500000000000000000e+00
3.600000000000000000e+01 3.803326501514129806e+06 1.399999999999999911e+00
4.400000000000000000e+01 7.299045675306356512e+06 1.030000000000000027e+00
